0 0 0.995912
0 40 0.995912
0 80 999
0 120 999
0 160 999
0 200 0
0 240 0.995912
0 280 0.995912
0 320 1.04551
0 360 1.04069
0 400 0.995912
0 440 0.995912
0 480 0.997827
0 520 1.04551
0 560 0.995912
0 600 0.995912
0 640 0.995912
0 680 0.995904
0 720 0.995912
0 760 0.995912
0 800 999
40 0 1.04069
40 40 999
40 80 999
40 120 999
40 160 999
40 200 999
40 240 999
40 280 0
40 320 0
40 360 0.995912
40 400 1.0437
40 440 0.995912
40 480 0.995912
40 520 0.997827
40 560 1.04069
40 600 0.995912
40 640 0.995912
40 680 0.997782
40 720 0.995912
40 760 0.995912
40 800 999
80 0 0.995912
80 40 999
80 80 999
80 120 999
80 160 999
80 200 999
80 240 0
80 280 0
80 320 0
80 360 0
80 400 0
80 440 0
80 480 0.00431034
80 520 0.293062
80 560 1.04069
80 600 1.04551
80 640 1.07626
80 680 0.995912
80 720 1.04069
80 760 0.995912
80 800 999
120 0 0.995912
120 40 999
120 80 999
120 120 999
120 160 999
120 200 999
120 240 999
120 280 0
120 320 0
120 360 0
120 400 0
120 440 0
120 480 0
120 520 0.0225045
120 560 0.0915743
120 600 0.243958
120 640 0.83313
120 680 0.8682
120 720 0.996729
120 760 0.995912
120 800 999
160 0 0.996729
160 40 999
160 80 999
160 120 999
160 160 999
160 200 999
160 240 nan
160 280 0
160 320 0
160 360 0
160 400 0.0779425
160 440 0.0109649
160 480 0.0631562
160 520 0.200048
160 560 0.342755
160 600 0.394972
160 640 0.481837
160 680 0.657531
160 720 999
160 760 0.936388
160 800 999
200 0 1.04069
200 40 1.04069
200 80 0
200 120 999
200 160 0
200 200 0
200 240 0
200 280 0
200 320 0
200 360 0
200 400 0
200 440 0
200 480 0.00111111
200 520 0.0554942
200 560 0.149775
200 600 0.32692
200 640 0.539607
200 680 0.734117
200 720 0.811257
200 760 999
200 800 999
240 0 1.07626
240 40 0.995912
240 80 999
240 120 999
240 160 999
240 200 999
240 240 0
240 280 0
240 320 0
240 360 0
240 400 0
240 440 0
240 480 0.0060241
240 520 0.106658
240 560 0.229592
240 600 0.436872
240 640 0.661799
240 680 999
240 720 0.822701
240 760 999
240 800 999
280 0 0.995912
280 40 999
280 80 999
280 120 999
280 160 999
280 200 999
280 240 0
280 280 0
280 320 0
280 360 0
280 400 0
280 440 0
280 480 0.00941423
280 520 0.0844225
280 560 0.240174
280 600 0.505595
280 640 0.610684
280 680 999
280 720 0.861858
280 760 0.979064
280 800 999
320 0 0.995912
320 40 999
320 80 999
320 120 999
320 160 999
320 200 999
320 240 0
320 280 0
320 320 0
320 360 0
320 400 0
320 440 0
320 480 0.00837321
320 520 0.111277
320 560 0.26351
320 600 0.587417
320 640 0.723304
320 680 0.784436
320 720 999
320 760 0.949818
320 800 999
360 0 0.995943
360 40 0.996202
360 80 999
360 120 0
360 160 0
360 200 0
360 240 0
360 280 0
360 320 0
360 360 0
360 400 0
360 440 0
360 480 0.00941423
360 520 0.0947571
360 560 999
360 600 0.589117
360 640 0.681314
360 680 0.812242
360 720 0.953119
360 760 0.983133
360 800 999
400 0 1.04069
400 40 0.996729
400 80 0
400 120 999
400 160 999
400 200 999
400 240 0
400 280 0
400 320 0
400 360 0
400 400 0
400 440 0.00622407
400 480 999
400 520 0.119328
400 560 0.661878
400 600 999
400 640 0.789473
400 680 0.827766
400 720 0.962025
400 760 0.964786
400 800 999
440 0 0.996202
440 40 999
440 80 0
440 120 999
440 160 999
440 200 0
440 240 0
440 280 0
440 320 0
440 360 0
440 400 0.00114679
440 440 0.0515998
440 480 0.185901
440 520 0.458317
440 560 0.651708
440 600 0.727472
440 640 0.86786
440 680 0.929856
440 720 1.06376
440 760 0.991851
440 800 999
480 0 0.996012
480 40 0.996202
480 80 999
480 120 999
480 160 999
480 200 0
480 240 0
480 280 0
480 320 0
480 360 999
480 400 0
480 440 0.00663717
480 480 0.0120192
480 520 0.153162
480 560 0.404256
480 600 0.587439
480 640 0.75131
480 680 0.927977
480 720 0.891695
480 760 0.995912
480 800 999
520 0 1.07626
520 40 0.995912
520 80 999
520 120 999
520 160 999
520 200 0
520 240 0
520 280 0
520 320 0
520 360 0
520 400 0
520 440 0
520 480 0.036774
520 520 0.316682
520 560 0.471327
520 600 0.832618
520 640 0.746185
520 680 0.929788
520 720 0.935667
520 760 0.98598
520 800 999
560 0 1.0437
560 40 1.0177
560 80 0
560 120 999
560 160 0
560 200 0
560 240 0
560 280 0
560 320 0
560 360 0
560 400 0
560 440 0.00232558
560 480 0.0317835
560 520 0.191023
560 560 0.612259
560 600 0.787974
560 640 0.807018
560 680 0.869086
560 720 999
560 760 1.03945
560 800 999
600 0 1.04069
600 40 0.995912
600 80 0
600 120 nan
600 160 0
600 200 0
600 240 999
600 280 0
600 320 0
600 360 0
600 400 0
600 440 0.00116279
600 480 999
600 520 0.180975
600 560 0.666748
600 600 0.767094
600 640 0.870613
600 680 0.904715
600 720 0.949626
600 760 999
600 800 999
640 0 0.995912
640 40 0.995912
640 80 0
640 120 0
640 160 0
640 200 0
640 240 0
640 280 0
640 320 0
640 360 0
640 400 0
640 440 0.0365588
640 480 999
640 520 0.505192
640 560 0.808296
640 600 999
640 640 1.0027
640 680 0.966637
640 720 0.974012
640 760 0.973892
640 800 999
680 0 1.07626
680 40 1.0177
680 80 999
680 120 0
680 160 0
680 200 0
680 240 0
680 280 0
680 320 0
680 360 0
680 400 0
680 440 0.0168919
680 480 0.0775463
680 520 0.239372
680 560 999
680 600 0.689744
680 640 999
680 680 0.917996
680 720 999
680 760 0.977053
680 800 999
720 0 0.995912
720 40 999
720 80 0
720 120 0
720 160 0
720 200 0
720 240 0
720 280 0
720 320 0
720 360 0
720 400 0.021459
720 440 0.099922
720 480 0.291585
720 520 0.569561
720 560 0.834204
720 600 0.937557
720 640 0.889595
720 680 0.892921
720 720 0.936185
720 760 0.976196
720 800 999
760 0 0.995912
760 40 999
760 80 0
760 120 999
760 160 0
760 200 0
760 240 0
760 280 0
760 320 999
760 360 0
760 400 0.00326087
760 440 0.015625
760 480 0.0699804
760 520 0.303797
760 560 0.503651
760 600 0.713628
760 640 0.828084
760 680 1.02173
760 720 1.06987
760 760 1.0213
760 800 999
800 0 999
800 40 0.995912
800 80 999
800 120 0
800 160 0
800 200 999
800 240 0
800 280 0
800 320 0
800 360 0
800 400 0.00292969
800 440 0.0265177
800 480 999
800 520 0.317215
800 560 0.542035
800 600 0.710758
800 640 0.849213
800 680 0.91512
800 720 0.964263
800 760 0.988331
800 800 999
840 0 0.995912
840 40 0.995912
840 80 nan
840 120 0
840 160 0
840 200 0
840 240 0
840 280 0
840 320 0
840 360 0.00743494
840 400 999
840 440 0.0376889
840 480 0.14209
840 520 0.445981
840 560 999
840 600 999
840 640 0.928187
840 680 1.02821
840 720 0.976154
840 760 999
840 800 999
880 0 0.995384
880 40 0.995912
880 80 0
880 120 0.995912
880 160 0.995912
880 200 999
880 240 999
880 280 0
880 320 0.00101215
880 360 0.036221
880 400 0.0395274
880 440 0.061415
880 480 0.324442
880 520 0.79825
880 560 0.995912
880 600 0.995912
880 640 0.996729
880 680 1.07626
880 720 0.995912
880 760 999
880 800 999
920 0 0.995912
920 40 0.997081
920 80 0
920 120 0.9994
920 160 0.995912
920 200 0.996883
920 240 999
920 280 0.997153
920 320 0.00346021
920 360 0.0867999
920 400 0.0730657
920 440 0.133865
920 480 0.361576
920 520 0.995912
920 560 1.02838
920 600 0.910867
920 640 0.995912
920 680 0.995912
920 720 0.995912
920 760 0.9959
920 800 999
960 0 999
960 40 1.0437
960 80 0.995912
960 120 0.997075
960 160 0.997075
960 200 0.995912
960 240 0.995912
960 280 0.251182
960 320 0.00301205
960 360 0.0277778
960 400 0.292409
960 440 0.475532
960 480 0.995912
960 520 0.995912
960 560 1.11578
960 600 0.995912
960 640 0.995912
960 680 0.997153
960 720 0.995912
960 760 0.988536
960 800 999
1000 0 0.995912
1000 40 0.995912
1000 80 0
1000 120 0
1000 160 0
1000 200 0.00215517
1000 240 0.00853659
1000 280 0.0665404
1000 320 0.0138889
1000 360 0.0383234
1000 400 0.112561
1000 440 0.192917
1000 480 0.352585
1000 520 0.495981
1000 560 0.666681
1000 600 0.810039
1000 640 0.87358
1000 680 1.07239
1000 720 0.970935
1000 760 0.988015
1000 800 999
1040 0 0.995912
1040 40 0.995912
1040 80 0
1040 120 0
1040 160 0
1040 200 0
1040 240 0
1040 280 0.0019084
1040 320 0.0117647
1040 360 0.123508
1040 400 0.26437
1040 440 0.351209
1040 480 0.381477
1040 520 0.669514
1040 560 0.704972
1040 600 0.828554
1040 640 0.912615
1040 680 0.927395
1040 720 0.958264
1040 760 0.989076
1040 800 999
1080 0 0.995912
1080 40 0.995912
1080 80 0
1080 120 0
1080 160 0
1080 200 0
1080 240 0
1080 280 0.0174051
1080 320 0.0211864
1080 360 0.145232
1080 400 0.220255
1080 440 999
1080 480 999
1080 520 0.748957
1080 560 0.872955
1080 600 0.925415
1080 640 0.946524
1080 680 0.938914
1080 720 0.95624
1080 760 0.986336
1080 800 999
1120 0 0.995912
1120 40 0.995904
1120 80 0
1120 120 0
1120 160 0
1120 200 0
1120 240 0.00342466
1120 280 0.163215
1120 320 0.243983
1120 360 0.383721
1120 400 0.530631
1120 440 0.72381
1120 480 0.766987
1120 520 0.810439
1120 560 0.850065
1120 600 0.915867
1120 640 0.951022
1120 680 0.976084
1120 720 0.980452
1120 760 999
1120 800 999
1160 0 0.995912
1160 40 0.996333
1160 80 0
1160 120 0
1160 160 0
1160 200 0
1160 240 0
1160 280 0.00416667
1160 320 0.13903
1160 360 0.238458
1160 400 0.301237
1160 440 0.417652
1160 480 0.59678
1160 520 0.664347
1160 560 0.787974
1160 600 0.894132
1160 640 0.910416
1160 680 0.938466
1160 720 0.968995
1160 760 0.990821
1160 800 999
1200 0 0.996202
1200 40 999
1200 80 0
1200 120 0
1200 160 0
1200 200 0
1200 240 0.00136612
1200 280 0.0552113
1200 320 0.291767
1200 360 0.480627
1200 400 0.716016
1200 440 0.727397
1200 480 0.757277
1200 520 0.765578
1200 560 0.829151
1200 600 0.887694
1200 640 0.936697
1200 680 0.955997
1200 720 999
1200 760 0.990581
1200 800 999
1240 0 0.995912
1240 40 0.995912
1240 80 0
1240 120 0
1240 160 0
1240 200 0
1240 240 999
1240 280 0.0103375
1240 320 0.0874212
1240 360 0.150488
1240 400 0.346038
1240 440 0.539317
1240 480 0.64689
1240 520 999
1240 560 0.796697
1240 600 0.905104
1240 640 0.91656
1240 680 0.962841
1240 720 0.963503
1240 760 1.00369
1240 800 999
1280 0 0.995921
1280 40 0.995912
1280 80 999
1280 120 0
1280 160 0
1280 200 0.00326087
1280 240 0.0820568
1280 280 0.203529
1280 320 0.464582
1280 360 0.50409
1280 400 0.532549
1280 440 0.855698
1280 480 0.85286
1280 520 999
1280 560 0.997153
1280 600 0.995912
1280 640 0.995912
1280 680 0.995912
1280 720 0.995912
1280 760 0.990185
1280 800 999
1320 0 0.995912
1320 40 999
1320 80 0
1320 120 0
1320 160 999
1320 200 0.0263158
1320 240 0.00488069
1320 280 0.0270114
1320 320 0.279191
1320 360 0.31254
1320 400 0.492472
1320 440 0.662881
1320 480 0.704265
1320 520 0.85933
1320 560 0.897363
1320 600 0.926014
1320 640 0.979689
1320 680 0.979847
1320 720 0.989406
1320 760 0.996346
1320 800 999
1360 0 0.995912
1360 40 0.995912
1360 80 0
1360 120 0
1360 160 0
1360 200 0.121181
1360 240 0.0771519
1360 280 0.222531
1360 320 0.528523
1360 360 0.276692
1360 400 0.577575
1360 440 0.658535
1360 480 0.761393
1360 520 0.832546
1360 560 0.894712
1360 600 0.925172
1360 640 0.935965
1360 680 0.958048
1360 720 0.974228
1360 760 999
1360 800 999
1400 0 0.995912
1400 40 0.995912
1400 80 0
1400 120 0
1400 160 0
1400 200 0
1400 240 0.0264523
1400 280 0.0610173
1400 320 0.172594
1400 360 0.376293
1400 400 0.49587
1400 440 0.658346
1400 480 0.807716
1400 520 0.914234
1400 560 1.01449
1400 600 0.935808
1400 640 0.934493
1400 680 1.00134
1400 720 0.975488
1400 760 0.995561
1400 800 999
1440 0 0.995912
1440 40 999
1440 80 0
1440 120 0
1440 160 0
1440 200 0
1440 240 999
1440 280 0.0336869
1440 320 0.289225
1440 360 0.390168
1440 400 0.49959
1440 440 0.672318
1440 480 0.815917
1440 520 0.877894
1440 560 0.933131
1440 600 0.930092
1440 640 0.959411
1440 680 0.96716
1440 720 999
1440 760 0.994667
1440 800 999
1480 0 0.995912
1480 40 0.995912
1480 80 0
1480 120 0
1480 160 0
1480 200 0
1480 240 0.0311909
1480 280 0.0588271
1480 320 0.228869
1480 360 0.450974
1480 400 0.611354
1480 440 0.67476
1480 480 0.82681
1480 520 0.871552
1480 560 999
1480 600 0.944934
1480 640 0.963876
1480 680 0.973273
1480 720 0.97162
1480 760 0.991691
1480 800 999
1520 0 0.997075
1520 40 0.995912
1520 80 nan
1520 120 0
1520 160 0
1520 200 0.00241313
1520 240 0.02811
1520 280 0.0749852
1520 320 0.25337
1520 360 0.592009
1520 400 0.593515
1520 440 0.657842
1520 480 0.792845
1520 520 0.900531
1520 560 999
1520 600 0.950361
1520 640 1.0047
1520 680 0.964304
1520 720 0.981009
1520 760 999
1520 800 999
1560 0 0.995912
1560 40 0.995912
1560 80 999
1560 120 0
1560 160 0.00223714
1560 200 0.0226757
1560 240 0.271953
1560 280 0.455084
1560 320 0.520557
1560 360 0.663505
1560 400 0.813629
1560 440 0.817241
1560 480 0.890286
1560 520 0.947806
1560 560 999
1560 600 0.957133
1560 640 0.970097
1560 680 0.991149
1560 720 0.987378
1560 760 0.998184
1560 800 999
1600 0 0.994531
1600 40 0.995634
1600 80 0
1600 120 0.000501684
1600 160 0.000588235
1600 200 0.0307339
1600 240 0.179307
1600 280 0.49364
1600 320 0.680873
1600 360 0.996658
1600 400 0.784198
1600 440 0.904411
1600 480 0.864266
1600 520 999
1600 560 0.94656
1600 600 0.954471
1600 640 0.984289
1600 680 0.985121
1600 720 0.989453
1600 760 999
1600 800 999
1640 0 0.994531
1640 40 0.995912
1640 80 0
1640 120 0.000811688
1640 160 0
1640 200 0
1640 240 0.0523356
1640 280 0.0512782
1640 320 0.415408
1640 360 0.456795
1640 400 999
1640 440 0.798703
1640 480 0.944444
1640 520 0.907696
1640 560 0.931723
1640 600 0.961364
1640 640 0.957033
1640 680 0.974913
1640 720 0.986323
1640 760 999
1640 800 999
1680 0 0.995912
1680 40 0.995912
1680 80 0
1680 120 0
1680 160 0
1680 200 0
1680 240 0.0277027
1680 280 0.136569
1680 320 0.578397
1680 360 0.745677
1680 400 0.802458
1680 440 0.818691
1680 480 0.903867
1680 520 0.94389
1680 560 0.963602
1680 600 0.972283
1680 640 0.949
1680 680 999
1680 720 0.986867
1680 760 0.996968
1680 800 999
1720 0 0.995912
1720 40 0.995912
1720 80 0
1720 120 0
1720 160 0.00499232
1720 200 0.027881
1720 240 0.0110209
1720 280 0.186086
1720 320 0.319202
1720 360 999
1720 400 0.60833
1720 440 0.772726
1720 480 0.834519
1720 520 0.907714
1720 560 0.942474
1720 600 0.94029
1720 640 0.974683
1720 680 0.982964
1720 720 0.9808
1720 760 0.994654
1720 800 999
1760 0 0.995912
1760 40 0.995912
1760 80 0
1760 120 0
1760 160 0
1760 200 999
1760 240 0.0241477
1760 280 0.206215
1760 320 0.380944
1760 360 0.999329
1760 400 0.804674
1760 440 0.81324
1760 480 0.931269
1760 520 0.923943
1760 560 0.977148
1760 600 0.976269
1760 640 0.980918
1760 680 0.985812
1760 720 0.988131
1760 760 999
1760 800 999
1800 0 0.995912
1800 40 0.996729
1800 80 0
1800 120 0
1800 160 0
1800 200 0
1800 240 0.0163613
1800 280 0.109637
1800 320 0.288393
1800 360 0.707102
1800 400 999
1800 440 999
1800 480 0.869302
1800 520 999
1800 560 1.01657
1800 600 0.959622
1800 640 0.969369
1800 680 1.00067
1800 720 0.98151
1800 760 999
1800 800 999
1840 0 0.996202
1840 40 0.998875
1840 80 0
1840 120 0.00458333
1840 160 0.00479744
1840 200 0.0398746
1840 240 0.366862
1840 280 0.366331
1840 320 999
1840 360 0.627498
1840 400 0.769595
1840 440 0.849564
1840 480 0.937231
1840 520 1.05841
1840 560 0.973963
1840 600 0.990995
1840 640 0.990885
1840 680 0.996976
1840 720 999
1840 760 0.99816
1840 800 999
1880 0 999
1880 40 0.995912
1880 80 999
1880 120 0
1880 160 0.0786291
1880 200 0.0274725
1880 240 0.308249
1880 280 0.417115
1880 320 0.515115
1880 360 0.999331
1880 400 0.998327
1880 440 0.841722
1880 480 0.941804
1880 520 0.949508
1880 560 1.00201
1880 600 0.967856
1880 640 999
1880 680 0.991541
1880 720 0.99059
1880 760 0.993588
1880 800 999
1920 0 1.11578
1920 40 0.995912
1920 80 0.995912
1920 120 0.995912
1920 160 0.995912
1920 200 0.997427
1920 240 0.995912
1920 280 0.995912
1920 320 0.995912
1920 360 0.995912
1920 400 0.996729
1920 440 0.995912
1920 480 0.99592
1920 520 0.995912
1920 560 0.995912
1920 600 0.995912
1920 640 0.995912
1920 680 999
1920 720 0.995912
1920 760 0.995912
1920 800 999
1960 0 0.995912
1960 40 1.00912
1960 80 0.995912
1960 120 0.996729
1960 160 0.99592
1960 200 0.995256
1960 240 0.995912
1960 280 0.995912
1960 320 0.995912
1960 360 0.995912
1960 400 0.997533
1960 440 0.998875
1960 480 0.995912
1960 520 0.997081
1960 560 0.997427
1960 600 0.997075
1960 640 0.995912
1960 680 0.995912
1960 720 0.998516
1960 760 0.995912
1960 800 999
2000 0 999
2000 40 999
2000 80 999
2000 120 999
2000 160 999
2000 200 999
2000 240 999
2000 280 999
2000 320 999
2000 360 999
2000 400 999
2000 440 999
2000 480 999
2000 520 999
2000 560 999
2000 600 999
2000 640 999
2000 680 999
2000 720 999
2000 760 999
2000 800 999
