0 0 0.992154
0 40 0.992154
0 80 0
0 120 999
0 160 0
0 200 0
0 240 0.981686
0 280 0.992154
0 320 0.992154
0 360 0.992154
0 400 0.929766
0 440 0.981686
0 480 0.980859
0 520 0.992154
0 560 0.99
0 600 0.99
0 640 0.981686
0 680 0.981686
0 720 0.992154
0 760 0.99
0 800 999
40 0 0.992154
40 40 0.99
40 80 0
40 120 999
40 160 nan
40 200 0
40 240 0
40 280 0
40 320 0
40 360 0.981686
40 400 0.981686
40 440 0.992154
40 480 0.981686
40 520 0.99
40 560 0.99
40 600 0.99
40 640 0.99
40 680 0.981686
40 720 0.99
40 760 0.992154
40 800 999
80 0 0.992154
80 40 0.981686
80 80 0.99
80 120 999
80 160 999
80 200 0
80 240 0
80 280 0
80 320 0
80 360 0
80 400 0
80 440 0
80 480 0
80 520 0.0914194
80 560 1.04565
80 600 0.992154
80 640 0.992154
80 680 1.04565
80 720 0.992148
80 760 0.992154
80 800 999
120 0 0.99
120 40 0.981686
120 80 0
120 120 nan
120 160 nan
120 200 0
120 240 0
120 280 0
120 320 0
120 360 0
120 400 0
120 440 0
120 480 0
120 520 0
120 560 0.01456
120 600 0.0554105
120 640 999
120 680 0.682584
120 720 0.992154
120 760 0.99
120 800 999
160 0 0.99
160 40 0.99216
160 80 nan
160 120 999
160 160 0
160 200 0
160 240 0
160 280 999
160 320 0
160 360 0
160 400 0.0123401
160 440 0
160 480 0.0063818
160 520 0.0541449
160 560 0.136117
160 600 999
160 640 0.242229
160 680 999
160 720 999
160 760 0.882054
160 800 999
200 0 0.992154
200 40 0.981686
200 80 0
200 120 999
200 160 0
200 200 0
200 240 0
200 280 0
200 320 0
200 360 0
200 400 0
200 440 0
200 480 0
200 520 999
200 560 999
200 600 0.102182
200 640 0.24417
200 680 0.490156
200 720 0.634261
200 760 999
200 800 999
240 0 0.99
240 40 0.981686
240 80 0
240 120 nan
240 160 0
240 200 0
240 240 0
240 280 0
240 320 0
240 360 0
240 400 0
240 440 999
240 480 0
240 520 0.0186999
240 560 0.0352997
240 600 0.201563
240 640 0.437946
240 680 0.539869
240 720 0.685839
240 760 0.888733
240 800 999
280 0 0.981686
280 40 0.981686
280 80 999
280 120 0
280 160 999
280 200 0
280 240 0
280 280 0
280 320 999
280 360 999
280 400 0
280 440 0
280 480 0
280 520 999
280 560 0.046954
280 600 0.196032
280 640 0.385705
280 680 0.598562
280 720 0.748584
280 760 0.93849
280 800 999
320 0 0.992333
320 40 999
320 80 0
320 120 0
320 160 0
320 200 0
320 240 0
320 280 0
320 320 0
320 360 0
320 400 999
320 440 0
320 480 0
320 520 0.02233
320 560 0.0715132
320 600 0.281029
320 640 0.472616
320 680 0.630509
320 720 0.742796
320 760 0.91142
320 800 999
360 0 0.981686
360 40 0.99
360 80 0
360 120 0
360 160 0
360 200 0
360 240 0
360 280 0
360 320 0
360 360 0
360 400 0
360 440 0
360 480 0
360 520 0.0119127
360 560 0.0969488
360 600 0.290658
360 640 0.431254
360 680 999
360 720 0.762709
360 760 0.960723
360 800 999
400 0 0.99
400 40 0.983315
400 80 0
400 120 0
400 160 0
400 200 0
400 240 0
400 280 0
400 320 0
400 360 0
400 400 0
400 440 0
400 480 0
400 520 0.0288332
400 560 0.349486
400 600 999
400 640 0.496119
400 680 0.863014
400 720 0.772171
400 760 0.909935
400 800 999
440 0 0.992154
440 40 0.992154
440 80 999
440 120 0
440 160 999
440 200 0
440 240 0
440 280 0
440 320 0
440 360 0
440 400 0
440 440 0.00625
440 480 0.0431222
440 520 0.201513
440 560 0.356593
440 600 0.539892
440 640 0.745388
440 680 999
440 720 0.89617
440 760 0.96615
440 800 999
480 0 0.973152
480 40 0.991584
480 80 0
480 120 0
480 160 0
480 200 0
480 240 0
480 280 0
480 320 0
480 360 0
480 400 0
480 440 0.00301205
480 480 0
480 520 0.0284164
480 560 0.139474
480 600 0.332988
480 640 0.560659
480 680 0.720589
480 720 0.820
480 760 0.99
480 800 999
520 0 0.992333
520 40 0.981686
520 80 0
520 120 0
520 160 0
520 200 0
520 240 0
520 280 0
520 320 0
520 360 0
520 400 0
520 440 0
520 480 0.00561798
520 520 0.0984817
520 560 0.244621
520 600 0.59738
520 640 0.56114
520 680 0.856635
520 720 999
520 760 999
520 800 999
560 0 0.992154
560 40 0.99216
560 80 0
560 120 0
560 160 0
560 200 0
560 240 0
560 280 0
560 320 0
560 360 999
560 400 0
560 440 0
560 480 999
560 520 0.028875
560 560 0.394691
560 600 0.627358
560 640 0.597869
560 680 0.750082
560 720 999
560 760 0.9384
560 800 999
600 0 0.992154
600 40 0.992154
600 80 0
600 120 0
600 160 0
600 200 0
600 240 999
600 280 0
600 320 0
600 360 0
600 400 0
600 440 0
600 480 0.00357143
600 520 0.038093
600 560 0.45026
600 600 0.502694
600 640 0.691879
600 680 0.8297
600 720 0.89
600 760 0.940326
600 800 999
640 0 0.992154
640 40 0.992154
640 80 nan
640 120 0
640 160 0
640 200 0
640 240 999
640 280 0
640 320 0
640 360 0
640 400 0
640 440 0.00277778
640 480 0.00549451
640 520 0.262154
640 560 0.514226
640 600 0.669123
640 640 0.812371
640 680 0.869028
640 720 0.893786
640 760 0.951
640 800 999
680 0 0.99
680 40 0.981686
680 80 0
680 120 0
680 160 0
680 200 0
680 240 0
680 280 0
680 320 0
680 360 0
680 400 0
680 440 0
680 480 0.0100642
680 520 0.0580043
680 560 0.353897
680 600 0.468954
680 640 0.628608
680 680 0.85
680 720 0.895793
680 760 0.944065
680 800 999
720 0 0.992154
720 40 0.992154
720 80 0
720 120 999
720 160 0
720 200 0
720 240 0
720 280 0
720 320 0
720 360 0
720 400 0.00255102
720 440 0.0154865
720 480 0.0815751
720 520 0.305542
720 560 0.687598
720 600 0.867527
720 640 0.667161
720 680 0.824064
720 720 0.87734
720 760 0.945541
720 800 999
760 0 0.99
760 40 999
760 80 0
760 120 0
760 160 0
760 200 999
760 240 0
760 280 0
760 320 0
760 360 0
760 400 0
760 440 0
760 480 0.00625
760 520 0.0798564
760 560 0.254319
760 600 0.527543
760 640 0.681189
760 680 0.820983
760 720 0
760 760 0.917761
760 800 999
800 0 0.99
800 40 0.991547
800 80 0
800 120 0
800 160 0
800 200 0
800 240 0
800 280 0
800 320 0
800 360 0
800 400 0
800 440 0
800 480 0.0517267
800 520 999
800 560 0.28028
800 600 0.495701
800 640 0.71985
800 680 0.831297
800 720 0.920468
800 760 0.980946
800 800 999
840 0 0.980016
840 40 0.981686
840 80 0
840 120 0
840 160 0
840 200 0
840 240 0
840 280 0
840 320 0
840 360 0
840 400 0.00208333
840 440 0
840 480 0.026376
840 520 0.202814
840 560 0.561767
840 600 999
840 640 0.8249
840 680 999
840 720 999
840 760 0.9
840 800 999
880 0 0.99
880 40 0.99
880 80 0
880 120 0.99
880 160 0.99
880 200 0.99
880 240 0.981686
880 280 0
880 320 0
880 360 0.0018797
880 400 0
880 440 0.00889481
880 480 0.109051
880 520 0.596566
880 560 0.993168
880 600 0.973152
880 640 0.992154
880 680 999
880 720 999
880 760 999
880 800 999
920 0 0.992154
920 40 0.99
920 80 999
920 120 0.99
920 160 0.99
920 200 0.992154
920 240 0.99
920 280 0.992
920 320 999
920 360 0.00606061
920 400 0.00260417
920 440 0.0199664
920 480 0.133962
920 520 0.992154
920 560 0.992154
920 600 0.808859
920 640 0.99216
920 680 0.992148
920 720 0.992154
920 760 0.992154
920 800 999
960 0 0.992154
960 40 999
960 80 0.992154
960 120 0.99
960 160 0.993417
960 200 0.992154
960 240 0.992154
960 280 0.0463618
960 320 0
960 360 0.00173611
960 400 0.089424
960 440 0.148629
960 480 0.992154
960 520 0.992154
960 560 0.992154
960 600 0.992154
960 640 0.992154
960 680 0.992154
960 720 0.992148
960 760 999
960 800 999
1000 0 0.992154
1000 40 0.992154
1000 80 0
1000 120 0
1000 160 0
1000 200 999
1000 240 0
1000 280 0.0014881
1000 320 0
1000 360 0.00235849
1000 400 0
1000 440 0.0318946
1000 480 0.119577
1000 520 0.224552
1000 560 0.429546
1000 600 0.645266
1000 640 0.753341
1000 680 0.87175
1000 720 999
1000 760 0.9
1000 800 999
1040 0 0.992154
1040 40 0.992154
1040 80 0
1040 120 0
1040 160 0
1040 200 0
1040 240 0
1040 280 0
1040 320 0
1040 360 0.0019685
1040 400 0.0627155
1040 440 0.108995
1040 480 0.173707
1040 520 0.383477
1040 560 0.500194
1040 600 0.68302
1040 640 0.833024
1040 680 0.868542
1040 720 0.92347
1040 760 0.978416
1040 800 999
1080 0 0.981686
1080 40 0.99
1080 80 0
1080 120 0
1080 160 0
1080 200 0
1080 240 0
1080 280 0
1080 320 0
1080 360 0.020474
1080 400 0.0336471
1080 440 0.353468
1080 480 0.478196
1080 520 0.576009
1080 560 999
1080 600 0.868888
1080 640 0.90354
1080 680 0.89884
1080 720 0.9
1080 760 0.970379
1080 800 999
1120 0 0.992154
1120 40 0.99
1120 80 0
1120 120 0
1120 160 0
1120 200 0
1120 240 0
1120 280 0.0170683
1120 320 0.0839781
1120 360 0.1308
1120 400 0.218995
1120 440 0.4727
1120 480 0.610394
1120 520 0.667861
1120 560 0
1120 600 0.853492
1120 640 0.905389
1120 680 0.94925
1120 720 0.972097
1120 760 0.980845
1120 800 999
1160 0 0.99
1160 40 0.992154
1160 80 0
1160 120 0
1160 160 999
1160 200 0
1160 240 0
1160 280 0
1160 320 0.00121359
1160 360 0.0304551
1160 400 0.0579719
1160 440 0.16659
1160 480 0.378532
1160 520 0.411144
1160 560 0.592072
1160 600 0.810653
1160 640 0.84333
1160 680 0.895454
1160 720 0.9369
1160 760 0.984114
1160 800 999
1200 0 0.992154
1200 40 0.981686
1200 80 0
1200 120 0
1200 160 0
1200 200 0
1200 240 0
1200 280 0.00320513
1200 320 0.141651
1200 360 0.201568
1200 400 0.332692
1200 440 0.519333
1200 480 0.54171
1200 520 0.581348
1200 560 0.677589
1200 600 0.777079
1200 640 0.895061
1200 680 0.901674
1200 720 0.941562
1200 760 999
1200 800 999
1240 0 0.99
1240 40 0.991547
1240 80 0
1240 120 0
1240 160 0
1240 200 0
1240 240 0
1240 280 0.00523013
1240 320 0.0102339
1240 360 0.0383787
1240 400 0.169771
1240 440 0.331716
1240 480 0.440418
1240 520 0.589204
1240 560 0.669987
1240 600 0.804492
1240 640 0.863219
1240 680 0.910704
1240 720 0.94
1240 760 0.993782
1240 800 999
1280 0 0.99
1280 40 0.99
1280 80 0
1280 120 0
1280 160 0
1280 200 0.000659631
1280 240 0.00201613
1280 280 0.0376757
1280 320 0.124214
1280 360 0.301001
1280 400 0.302705
1280 440 0.625761
1280 480 0.670061
1280 520 0.796
1280 560 0.99
1280 600 0.99
1280 640 0.981686
1280 680 0.981686
1280 720 0.981686
1280 760 0.984443
1280 800 999
1320 0 0.99
1320 40 999
1320 80 0
1320 120 0
1320 160 0
1320 200 0.00390625
1320 240 0
1320 280 0.00266904
1320 320 0.0249141
1320 360 0.104242
1320 400 0.231989
1320 440 999
1320 480 0.537921
1320 520 0.666616
1320 560 0.8
1320 600 0.850005
1320 640 0.968634
1320 680 0.936223
1320 720 0.972854
1320 760 0.98744
1320 800 999
1360 0 0.981191
1360 40 0.966496
1360 80 0
1360 120 0
1360 160 0
1360 200 0.0550622
1360 240 0.0691749
1360 280 0.0497415
1360 320 0.203521
1360 360 0.100154
1360 400 0.314716
1360 440 0.328626
1360 480 0.517012
1360 520 0.691687
1360 560 0.789591
1360 600 0.837158
1360 640 0
1360 680 0.939304
1360 720 0.95064
1360 760 999
1360 800 999
1400 0 0.99
1400 40 0.992154
1400 80 0
1400 120 0
1400 160 0
1400 200 0
1400 240 0.00110865
1400 280 0.0040107
1400 320 0.0198021
1400 360 0.0981982
1400 400 0.251985
1400 440 999
1400 480 0.587789
1400 520 0.816175
1400 560 0.827913
1400 600 0.896416
1400 640 0
1400 680 0.967431
1400 720 1.12379
1400 760 0.99383
1400 800 999
1440 0 0.976047
1440 40 0.992048
1440 80 0
1440 120 0
1440 160 0
1440 200 0
1440 240 0
1440 280 0.00308642
1440 320 0.0465956
1440 360 0.104879
1440 400 0.232219
1440 440 0.493589
1440 480 0.616188
1440 520 0
1440 560 999
1440 600 0.888674
1440 640 999
1440 680 0.95281
1440 720 0.959299
1440 760 0.975251
1440 800 999
1480 0 0.991018
1480 40 0.992154
1480 80 0
1480 120 0
1480 160 0
1480 200 0
1480 240 0.00168919
1480 280 0.00446429
1480 320 0.0155276
1480 360 0.127584
1480 400 0.362423
1480 440 0.517118
1480 480 0.680267
1480 520 0.809691
1480 560 0.89958
1480 600 0.900397
1480 640 0.93947
1480 680 0.9572
1480 720 0.960418
1480 760 0.978746
1480 800 999
1520 0 0.981686
1520 40 0.99
1520 80 0
1520 120 0
1520 160 0.000606796
1520 200 0
1520 240 0.00167785
1520 280 0.00557621
1520 320 0.039021
1520 360 0.223148
1520 400 0.305067
1520 440 0.427249
1520 480 0.612036
1520 520 0.8141
1520 560 0.836111
1520 600 1.20833
1520 640 0.941115
1520 680 0.960399
1520 720 999
1520 760 0.987028
1520 800 999
1560 0 0.992154
1560 40 0.981686
1560 80 0
1560 120 0
1560 160 0.004329
1560 200 0.00268817
1560 240 0.160164
1560 280 0.127809
1560 320 0.358082
1560 360 0.39033
1560 400 0.528259
1560 440 0.662313
1560 480 0.787584
1560 520 0.902011
1560 560 0.919273
1560 600 0.939681
1560 640 0.968751
1560 680 0.98
1560 720 0.983642
1560 760 0.997814
1560 800 999
1600 0 0.992154
1600 40 0.992048
1600 80 0
1600 120 0
1600 160 0.00630252
1600 200 0.00524934
1600 240 0.0916068
1600 280 0.155614
1600 320 0.413699
1600 360 0.636075
1600 400 0.62173
1600 440 0.854298
1600 480 0.826521
1600 520 0.862697
1600 560 0.886016
1600 600 0.931609
1600 640 0.973348
1600 680 0.98169
1600 720 0.982271
1600 760 999
1600 800 999
1640 0 0.971946
1640 40 999
1640 80 0
1640 120 0
1640 160 0.00199467
1640 200 0
1640 240 0
1640 280 0.00440529
1640 320 0.161804
1640 360 0.222557
1640 400 0.280399
1640 440 0.624795
1640 480 0.762315
1640 520 999
1640 560 0.8756
1640 600 0.920413
1640 640 0.830214
1640 680 0.966003
1640 720 0.979286
1640 760 0.990531
1640 800 999
1680 0 0.99
1680 40 0.993495
1680 80 0
1680 120 0
1680 160 0
1680 200 0.000549451
1680 240 0.00636132
1680 280 0.0277963
1680 320 0.254668
1680 360 0.53735
1680 400 0.688642
1680 440 0.745233
1680 480 0.800343
1680 520 0.897356
1680 560 0.948778
1680 600 0.886952
1680 640 0.961882
1680 680 999
1680 720 0.982879
1680 760 1.0044
1680 800 999
1720 0 0.99
1720 40 0.991344
1720 80 0
1720 120 0
1720 160 0.0286145
1720 200 0.0421536
1720 240 0.00803571
1720 280 0.0411576
1720 320 0.119857
1720 360 0.200157
1720 400 0.453626
1720 440 0.66856
1720 480 0.711598
1720 520 0
1720 560 0.829566
1720 600 0.940677
1720 640 0.964239
1720 680 0.974864
1720 720 0.983363
1720 760 0.977088
1720 800 999
1760 0 0.990893
1760 40 0.991547
1760 80 0
1760 120 0
1760 160 0
1760 200 0
1760 240 0.00733634
1760 280 0.0855442
1760 320 0.160992
1760 360 0.555483
1760 400 0.666013
1760 440 0.69437
1760 480 0.827936
1760 520 0.873196
1760 560 0.956514
1760 600 0.967387
1760 640 0.972784
1760 680 0.976081
1760 720 0.982066
1760 760 0.99
1760 800 999
1800 0 0.973077
1800 40 0.981686
1800 80 0
1800 120 0
1800 160 0
1800 200 0.000877193
1800 240 0.0129482
1800 280 0.051476
1800 320 0.0892274
1800 360 0.454025
1800 400 0.423957
1800 440 0.592109
1800 480 0.742523
1800 520 0.843632
1800 560 0.915505
1800 600 0.888327
1800 640 0.957072
1800 680 0.973014
1800 720 999
1800 760 999
1800 800 999
1840 0 0.992154
1840 40 1.00087
1840 80 0
1840 120 0
1840 160 0.00297619
1840 200 0.106373
1840 240 0.24862
1840 280 0.163598
1840 320 0.230746
1840 360 0.513987
1840 400 0.620931
1840 440 0.675204
1840 480 0.893579
1840 520 0.933578
1840 560 0.966398
1840 600 0.
1840 640 0.992634
1840 680 0.972878
1840 720 0.986402
1840 760 0.988553
1840 800 999
1880 0 0.99
1880 40 0.99
1880 80 0
1880 120 0
1880 160 0
1880 200 0.0459548
1880 240 0.135315
1880 280 0.225173
1880 320 0.406405
1880 360 0.659016
1880 400 0.730736
1880 440 0.746817
1880 480 0.900792
1880 520 0.912659
1880 560 0.932002
1880 600 0.97873
1880 640 1.15761
1880 680 0.987822
1880 720 0.9
1880 760 0.982041
1880 800 999
1920 0 0.981686
1920 40 0.991776
1920 80 0.986297
1920 120 0.99
1920 160 0.991514
1920 200 0.99
1920 240 0.99
1920 280 0.997039
1920 320 0.99
1920 360 0.99
1920 400 0.981
1920 440 999
1920 480 0.99
1920 520 0.973077
1920 560 0.99
1920 600 0.981686
1920 640 0.992154
1920 680 0.992129
1920 720 0.99
1920 760 0.99
1920 800 999
1960 0 0.991487
1960 40 999
1960 80 0.992154
1960 120 0.99
1960 160 0.99
1960 200 0.99
1960 240 0.99
1960 280 0.99
1960 320 0.99
1960 360 999
1960 400 0.981686
1960 440 0.991963
1960 480 0.99
1960 520 0.99
1960 560 0.981686
1960 600 0.99
1960 640 0.99
1960 680 0.99
1960 720 0.99
1960 760 0.990893
1960 800 999
2000 0 999
2000 40 999
2000 80 999
2000 120 999
2000 160 999
2000 200 999
2000 240 999
2000 280 999
2000 320 999
2000 360 999
2000 400 999
2000 440 999
2000 480 999
2000 520 999
2000 560 999
2000 600 999
2000 640 999
2000 680 999
2000 720 999
2000 760 999
2000 800 999
