0 0 0.961319
0 40 0.995354
0 80 999
0 120 999
0 160 999
0 200 0
0 240 999
0 280 0.98225
0 320 0.998969
0 360 0.970016
0 400 999
0 440 0.936247
0 480 0.999207
0 520 0.999305
0 560 999
0 600 0.994903
0 640 0.995403
0 680 999
0 720 999
0 760 0.983502
0 800 999
40 0 0.992721
40 40 999
40 80 999
40 120 999
40 160 999
40 200 999
40 240 999
40 280 0
40 320 0
40 360 0.984131
40 400 0.932034
40 440 999
40 480 999
40 520 0.993215
40 560 0.995175
40 600 0.998584
40 640 0.998842
40 680 999
40 720 0.99563
40 760 999
40 800 999
80 0 999
80 40 999
80 80 999
80 120 999
80 160 999
80 200 999
80 240 0
80 280 0
80 320 0
80 360 0
80 400 0
80 440 0
80 480 0
80 520 999
80 560 0.98125
80 600 999
80 640 0.9854
80 680 0.963464
80 720 999
80 760 0.97541
80 800 999
120 0 0.987505
120 40 999
120 80 999
120 120 999
120 160 999
120 200 999
120 240 999
120 280 0
120 320 0
120 360 0
120 400 0
120 440 0
120 480 0
120 520 0
120 560 0.0111222
120 600 0.0774395
120 640 999
120 680 0.661458
120 720 999
120 760 0.996145
120 800 999
160 0 999
160 40 0.998692
160 80 999
160 120 999
160 160 999
160 200 999
160 240 0
160 280 0
160 320 0
160 360 0
160 400 0.00695139
160 440 0
160 480 0.0169069
160 520 0.0474147
160 560 999
160 600 0.158707
160 640 0.224008
160 680 0.439169
160 720 999
160 760 999
160 800 999
200 0 0.98948
200 40 0.999021
200 80 0
200 120 999
200 160 0
200 200 0
200 240 0
200 280 999
200 320 0
200 360 0
200 400 0
200 440 0
200 480 0
200 520 0
200 560 999
200 600 0.12251
200 640 0.27749
200 680 0.467857
200 720 0.697684
200 760 999
200 800 999
240 0 999
240 40 0.989827
240 80 999
240 120 999
240 160 999
240 200 999
240 240 0
240 280 0
240 320 0
240 360 0
240 400 0
240 440 999
240 480 0
240 520 0.0241008
240 560 999
240 600 999
240 640 0.440206
240 680 999
240 720 999
240 760 0.914881
240 800 999
280 0 0.988196
280 40 0.997614
280 80 999
280 120 999
280 160 999
280 200 999
280 240 0
280 280 0
280 320 0
280 360 0
280 400 0
280 440 0
280 480 0
280 520 0.01225
280 560 999
280 600 0.207889
280 640 0.389423
280 680 999
280 720 0.753187
280 760 0.934272
280 800 999
320 0 0.967432
320 40 999
320 80 999
320 120 999
320 160 999
320 200 999
320 240 0
320 280 0
320 320 0
320 360 999
320 400 0
320 440 0
320 480 0
320 520 999
320 560 0.0881787
320 600 0.322179
320 640 0.509998
320 680 0.625902
320 720 999
320 760 999
320 800 999
360 0 0.981208
360 40 0.988055
360 80 999
360 120 0
360 160 0
360 200 0
360 240 0
360 280 0
360 320 0
360 360 0
360 400 0
360 440 0
360 480 0
360 520 999
360 560 0.103945
360 600 0.322235
360 640 0.458968
360 680 999
360 720 0.738803
360 760 0.954196
360 800 999
400 0 999
400 40 0.970728
400 80 0
400 120 999
400 160 999
400 200 999
400 240 0
400 280 0
400 320 0
400 360 0
400 400 0
400 440 0
400 480 0
400 520 0.0231033
400 560 0.352954
400 600 0.326792
400 640 999
400 680 0.648049
400 720 0.768136
400 760 0.899649
400 800 999
440 0 0.968009
440 40 999
440 80 0
440 120 999
440 160 999
440 200 0
440 240 0
440 280 0
440 320 0
440 360 0
440 400 0
440 440 0
440 480 0.0578484
440 520 0.217013
440 560 0.363939
440 600 0.542
440 640 0.739553
440 680 0.856558
440 720 0.870785
440 760 999
440 800 999
480 0 999
480 40 999
480 80 999
480 120 999
480 160 999
480 200 0
480 240 0
480 280 0
480 320 0
480 360 0
480 400 0
480 440 0
480 480 0
480 520 0.0310707
480 560 0.157868
480 600 999
480 640 0.543253
480 680 0.73401
480 720 0.809671
480 760 0.979729
480 800 999
520 0 0.977274
520 40 0.995344
520 80 999
520 120 999
520 160 999
520 200 0
520 240 0
520 280 0
520 320 0
520 360 0
520 400 0
520 440 0
520 480 999
520 520 0.107979
520 560 999
520 600 0.592941
520 640 0.56796
520 680 0.842994
520 720 0.861077
520 760 999
520 800 999
560 0 999
560 40 0.979086
560 80 0
560 120 999
560 160 999
560 200 0
560 240 0
560 280 0
560 320 0
560 360 0
560 400 0
560 440 0
560 480 0.00735784
560 520 0.0456348
560 560 999
560 600 999
560 640 999
560 680 999
560 720 999
560 760 0.927302
560 800 999
600 0 999
600 40 0.998905
600 80 0
600 120 0
600 160 999
600 200 0
600 240 0
600 280 0
600 320 0
600 360 0
600 400 0
600 440 0
600 480 0
600 520 0.0349251
600 560 999
600 600 0.505996
600 640 0.669434
600 680 999
600 720 999
600 760 999
600 800 999
640 0 0.993959
640 40 0.997578
640 80 0
640 120 0
640 160 0
640 200 0
640 240 0
640 280 0
640 320 0
640 360 0
640 400 0
640 440 0.00277963
640 480 999
640 520 0.265388
640 560 0.49232
640 600 0.653446
640 640 0.823595
640 680 0.864335
640 720 999
640 760 999
640 800 999
680 0 1.00001
680 40 999
680 80 999
680 120 999
680 160 0
680 200 0
680 240 0
680 280 999
680 320 0
680 360 0
680 400 0
680 440 0
680 480 0.00417037
680 520 999
680 560 0.357174
680 600 999
680 640 0.63719
680 680 999
680 720 999
680 760 0.952202
680 800 999
720 0 0.973398
720 40 999
720 80 0
720 120 0
720 160 0
720 200 0
720 240 0
720 280 0
720 320 0
720 360 0
720 400 0
720 440 0.00329298
720 480 999
720 520 999
720 560 999
720 600 0.867765
720 640 0.674676
720 680 0.828815
720 720 0.835025
720 760 999
720 800 999
760 0 999
760 40 999
760 80 0
760 120 0
760 160 0
760 200 0
760 240 0
760 280 0
760 320 0
760 360 0
760 400 0
760 440 0
760 480 0.01925
760 520 0.0966944
760 560 0.309226
760 600 0.510709
760 640 0.675719
760 680 0.824282
760 720 0.871273
760 760 0.950806
760 800 999
800 0 0.987978
800 40 999
800 80 999
800 120 0
800 160 0
800 200 0
800 240 0
800 280 0
800 320 0
800 360 0
800 400 0
800 440 0
800 480 0.0773386
800 520 0.11981
800 560 999
800 600 0.521009
800 640 999
800 680 999
800 720 999
800 760 0.982803
800 800 999
840 0 0.996508
840 40 0.994992
840 80 0
840 120 0
840 160 0
840 200 0
840 240 0
840 280 0
840 320 0
840 360 0
840 400 0
840 440 0
840 480 0.0419572
840 520 0.195224
840 560 999
840 600 0.68313
840 640 999
840 680 999
840 720 0.955961
840 760 0.96497
840 800 999
880 0 999
880 40 999
880 80 0
880 120 999
880 160 999
880 200 999
880 240 0.991722
880 280 0
880 320 0
880 360 0
880 400 0
880 440 999
880 480 0.118958
880 520 0.571615
880 560 999
880 600 999
880 640 0.986168
880 680 0.989084
880 720 999
880 760 999
880 800 999
920 0 999
920 40 0.987074
920 80 0
920 120 999
920 160 999
920 200 999
920 240 0.993715
920 280 0.984684
920 320 0
920 360 0.0077
920 400 0.0094434
920 440 0.0359461
920 480 0.157644
920 520 999
920 560 999
920 600 999
920 640 0.982178
920 680 0.984557
920 720 999
920 760 0.983118
920 800 999
960 0 0.991796
960 40 999
960 80 999
960 120 999
960 160 999
960 200 999
960 240 0.999286
960 280 0.0250292
960 320 0
960 360 0
960 400 0.132468
960 440 999
960 480 999
960 520 999
960 560 999
960 600 0.997001
960 640 1.0007
960 680 0.996771
960 720 999
960 760 999
960 800 999
1000 0 0.964011
1000 40 0.999574
1000 80 0
1000 120 0
1000 160 999
1000 200 0
1000 240 999
1000 280 0.0053227
1000 320 0
1000 360 0
1000 400 0.0205137
1000 440 0.063865
1000 480 0.14312
1000 520 999
1000 560 0.45541
1000 600 0.615769
1000 640 0.744167
1000 680 0.865864
1000 720 0.913914
1000 760 0.977944
1000 800 999
1040 0 999
1040 40 0.994415
1040 80 0
1040 120 0
1040 160 0
1040 200 0
1040 240 0
1040 280 0
1040 320 0
1040 360 0.0153214
1040 400 0.0694515
1040 440 0.113175
1040 480 0.173785
1040 520 999
1040 560 999
1040 600 999
1040 640 0.83746
1040 680 999
1040 720 0.917879
1040 760 0.933903
1040 800 999
1080 0 0.960904
1080 40 999
1080 80 0
1080 120 0
1080 160 0
1080 200 0
1080 240 0
1080 280 0
1080 320 0
1080 360 0.0223462
1080 400 0.0481944
1080 440 0.386998
1080 480 999
1080 520 0.569374
1080 560 0.775519
1080 600 0.863019
1080 640 0.910721
1080 680 999
1080 720 0.899409
1080 760 0.980221
1080 800 999
1120 0 0.981426
1120 40 999
1120 80 999
1120 120 0
1120 160 0
1120 200 0
1120 240 999
1120 280 0.0134077
1120 320 0.0533985
1120 360 0.169732
1120 400 0.266816
1120 440 0.500655
1120 480 0.609661
1120 520 999
1120 560 999
1120 600 999
1120 640 999
1120 680 999
1120 720 0.961045
1120 760 999
1120 800 999
1160 0 0.981837
1160 40 0.1875
1160 80 0
1160 120 0
1160 160 0
1160 200 0
1160 240 0
1160 280 0
1160 320 0.00987895
1160 360 0.0198073
1160 400 0.0972087
1160 440 999
1160 480 0.398802
1160 520 0.448773
1160 560 0.590693
1160 600 0.802294
1160 640 999
1160 680 999
1160 720 0.947571
1160 760 0.974926
1160 800 999
1200 0 999
1200 40 999
1200 80 0
1200 120 0
1200 160 0
1200 200 0
1200 240 0
1200 280 0
1200 320 999
1200 360 0.218542
1200 400 0.417613
1200 440 0.547228
1200 480 0.581771
1200 520 999
1200 560 999
1200 600 0.756207
1200 640 0.901823
1200 680 999
1200 720 0.932614
1200 760 999
1200 800 999
1240 0 0.979973
1240 40 0.965066
1240 80 0
1240 120 0
1240 160 0
1240 200 0
1240 240 0
1240 280 0
1240 320 0.00562297
1240 360 999
1240 400 0.151724
1240 440 0.346065
1240 480 0.47029
1240 520 0.633332
1240 560 999
1240 600 0.819961
1240 640 999
1240 680 0.900491
1240 720 999
1240 760 999
1240 800 999
1280 0 0.973635
1280 40 0.978308
1280 80 0
1280 120 0
1280 160 0
1280 200 0
1280 240 0
1280 280 0.0439921
1280 320 0.137039
1280 360 0.296049
1280 400 0.357387
1280 440 999
1280 480 999
1280 520 999
1280 560 0.976223
1280 600 999
1280 640 999
1280 680 0.988394
1280 720 0.994398
1280 760 999
1280 800 999
1320 0 0.989311
1320 40 999
1320 80 0
1320 120 0
1320 160 0
1320 200 0
1320 240 999
1320 280 0
1320 320 999
1320 360 0.0856774
1320 400 0.286172
1320 440 0.371194
1320 480 0.559043
1320 520 0.672261
1320 560 999
1320 600 999
1320 640 999
1320 680 0.959798
1320 720 0.967731
1320 760 0.998653
1320 800 999
1360 0 1.00046
1360 40 999
1360 80 0
1360 120 0
1360 160 0
1360 200 0
1360 240 0.00417037
1360 280 0.0368863
1360 320 0.116334
1360 360 0.0860457
1360 400 0.33957
1360 440 999
1360 480 0.595964
1360 520 0.710408
1360 560 999
1360 600 0.82133
1360 640 0.889327
1360 680 0.918553
1360 720 0.926072
1360 760 999
1360 800 999
1400 0 0.994539
1400 40 999
1400 80 0
1400 120 999
1400 160 999
1400 200 0
1400 240 0
1400 280 0
1400 320 999
1400 360 999
1400 400 999
1400 440 0.405728
1400 480 0.60673
1400 520 999
1400 560 999
1400 600 999
1400 640 0.886915
1400 680 0.805556
1400 720 0.943979
1400 760 999
1400 800 999
1440 0 0.987406
1440 40 999
1440 80 0
1440 120 0
1440 160 0
1440 200 0
1440 240 0
1440 280 0.00200133
1440 320 0.0741652
1440 360 0.1268
1440 400 0.242296
1440 440 0.459602
1440 480 0.761195
1440 520 0.716002
1440 560 999
1440 600 999
1440 640 999
1440 680 0.928768
1440 720 999
1440 760 0.841837
1440 800 999
1480 0 0.987949
1480 40 0.999466
1480 80 999
1480 120 0
1480 160 0
1480 200 0
1480 240 0
1480 280 0
1480 320 0.0242212
1480 360 999
1480 400 999
1480 440 0.466748
1480 480 0.666439
1480 520 999
1480 560 999
1480 600 0.89187
1480 640 999
1480 680 0.933787
1480 720 0.961566
1480 760 999
1480 800 999
1520 0 999
1520 40 0.995683
1520 80 0
1520 120 0
1520 160 0
1520 200 0
1520 240 0
1520 280 0
1520 320 999
1520 360 0.243146
1520 400 999
1520 440 0.469889
1520 480 999
1520 520 0.897255
1520 560 999
1520 600 0.906537
1520 640 0.742063
1520 680 999
1520 720 999
1520 760 999
1520 800 999
1560 0 999
1560 40 0.999263
1560 80 0
1560 120 0
1560 160 0
1560 200 0
1560 240 0.107632
1560 280 0.115998
1560 320 0.319581
1560 360 0.459074
1560 400 0.651615
1560 440 999
1560 480 999
1560 520 0.894584
1560 560 0.921362
1560 600 999
1560 640 0.965741
1560 680 999
1560 720 999
1560 760 0.994249
1560 800 999
1600 0 0.972108
1600 40 999
1600 80 0
1600 120 0
1600 160 0
1600 200 0
1600 240 0.0387776
1600 280 0.0773664
1600 320 0.33645
1600 360 0.517857
1600 400 0.634454
1600 440 0.8247
1600 480 999
1600 520 0.844657
1600 560 0.911353
1600 600 0.922543
1600 640 999
1600 680 999
1600 720 0.981057
1600 760 999
1600 800 999
1640 0 0.991723
1640 40 0.988376
1640 80 0
1640 120 0
1640 160 0
1640 200 0
1640 240 0
1640 280 0.00446825
1640 320 0.118427
1640 360 0.20659
1640 400 999
1640 440 0.656984
1640 480 0.709837
1640 520 0.850954
1640 560 0.872631
1640 600 0.919605
1640 640 999
1640 680 999
1640 720 0.953687
1640 760 999
1640 800 999
1680 0 0.999421
1680 40 999
1680 80 0
1680 120 0
1680 160 0
1680 200 0
1680 240 0
1680 280 0.0126709
1680 320 999
1680 360 0.511919
1680 400 0.650615
1680 440 0.698365
1680 480 0.851547
1680 520 0.864317
1680 560 0.954265
1680 600 999
1680 640 999
1680 680 999
1680 720 0.981964
1680 760 0.772727
1680 800 999
1720 0 1.00004
1720 40 999
1720 80 0
1720 120 0
1720 160 0
1720 200 0
1720 240 0
1720 280 0.0207236
1720 320 0.0992372
1720 360 0.272177
1720 400 0.399612
1720 440 999
1720 480 0.698066
1720 520 999
1720 560 0.846219
1720 600 0.934432
1720 640 999
1720 680 0.965344
1720 720 0.960863
1720 760 999
1720 800 999
1760 0 0.984781
1760 40 0.992751
1760 80 0
1760 120 0
1760 160 0
1760 200 0
1760 240 0
1760 280 0.0389909
1760 320 0.177312
1760 360 0.3625
1760 400 0.639959
1760 440 0.716367
1760 480 0.853076
1760 520 0.866365
1760 560 0.929725
1760 600 0.958715
1760 640 999
1760 680 0.978237
1760 720 0.966674
1760 760 999
1760 800 999
1800 0 999
1800 40 0.974088
1800 80 0
1800 120 0
1800 160 0
1800 200 0
1800 240 0
1800 280 0.0308562
1800 320 0.0752569
1800 360 999
1800 400 999
1800 440 999
1800 480 0.727024
1800 520 0.809351
1800 560 999
1800 600 0.919547
1800 640 0.969988
1800 680 0.930147
1800 720 999
1800 760 999
1800 800 999
1840 0 999
1840 40 999
1840 80 0
1840 120 0
1840 160 0
1840 200 0
1840 240 0.0351641
1840 280 0.154238
1840 320 0.227033
1840 360 0.429877
1840 400 0.609877
1840 440 0.648997
1840 480 0.856379
1840 520 999
1840 560 999
1840 600 999
1840 640 999
1840 680 0.992278
1840 720 0.988713
1840 760 999
1840 800 999
1880 0 1.00049
1880 40 0.974389
1880 80 0
1880 120 0
1880 160 0
1880 200 0
1880 240 0.0302366
1880 280 0.168511
1880 320 0.329434
1880 360 0.21875
1880 400 0.556452
1880 440 999
1880 480 0.937304
1880 520 999
1880 560 999
1880 600 999
1880 640 999
1880 680 999
1880 720 999
1880 760 999
1880 800 999
1920 0 999
1920 40 999
1920 80 999
1920 120 999
1920 160 999
1920 200 999
1920 240 999
1920 280 999
1920 320 999
1920 360 999
1920 400 999
1920 440 999
1920 480 999
1920 520 999
1920 560 999
1920 600 999
1920 640 999
1920 680 999
1920 720 999
1920 760 999
1920 800 999
1960 0 999
1960 40 999
1960 80 999
1960 120 999
1960 160 999
1960 200 999
1960 240 999
1960 280 999
1960 320 999
1960 360 999
1960 400 999
1960 440 999
1960 480 999
1960 520 999
1960 560 999
1960 600 999
1960 640 999
1960 680 999
1960 720 999
1960 760 999
1960 800 999
2000 0 999
2000 40 999
2000 80 999
2000 120 999
2000 160 999
2000 200 999
2000 240 999
2000 280 999
2000 320 999
2000 360 999
2000 400 999
2000 440 999
2000 480 999
2000 520 999
2000 560 999
2000 600 999
2000 640 999
2000 680 999
2000 720 999
2000 760 999
2000 800 999
