0 0 1.0
0 20 1.0
0 40 1.0
0 60 1.0
0 80 1.0
0 100 1.0
0 120 1.0
0 140 1.0
0 160 1.0
0 180 1.0
0 200 1.0
0 220 1.0
0 240 1.0
0 260 1.0
0 280 1.0
0 300 1.0
0 320 1.0
0 340 1.0
0 360 1.0
0 380 1.0
0 400 1.0
0 420 1.0
0 440 1.0
0 460 1.0
0 480 1.0
0 500 1.0
0 520 1.0
0 540 1.0
0 560 1.0
0 580 1.0
0 600 1.0
0 620 1.0
0 640 1.0
0 660 1.0
0 680 1.0
0 700 1.0
0 720 1.0
0 740 1.0
0 760 1.0
0 780 1.0
0 800 1.0
20 0 1.0
20 20 1.0
20 40 1.0
20 60 1.0
20 80 1.0
20 100 1.0
20 120 1.0
20 140 1.0
20 160 1.0
20 180 1.0
20 200 1.0
20 220 1.0
20 240 1.0
20 260 1.0
20 280 1.0
20 300 1.0
20 320 1.0
20 340 1.0
20 360 1.0
20 380 1.0
20 400 1.0
20 420 1.0
20 440 1.0
20 460 1.0
20 480 1.0
20 500 1.0
20 520 1.0
20 540 1.0
20 560 1.0
20 580 1.0
20 600 1.0
20 620 1.0
20 640 1.0
20 660 1.0
20 680 1.0
20 700 1.0
20 720 1.0
20 740 1.0
20 760 1.0
20 780 1.0
20 800 1.0
40 0 1.0
40 20 .8852
40 40 1.0
40 60 1.0
40 80 1.0
40 100 .8813
40 120 .8836
40 140 .8857
40 160 .8849
40 180 .8840
40 200 .8852
40 220 .8854
40 240 .8835
40 260 .8817
40 280 .8795
40 300 1.0
40 320 1.0
40 340 1.0
40 360 1.0
40 380 1.0
40 400 1.0
40 420 1.0
40 440 1.0
40 460 1.0
40 480 1.0
40 500 1.0
40 520 1.0
40 540 1.0
40 560 1.0
40 580 1.0
40 600 1.0
40 620 1.0
40 640 1.0
40 660 1.0
40 680 1.0
40 700 1.0
40 720 1.0
40 740 1.0
40 760 1.0
40 780 1.0
40 800 1.0
60 0 1.0
60 20 .8847
60 40 1.0
60 60 1.0
60 80 1.0
60 100 .8800
60 120 .8814
60 140 .8853
60 160 .8847
60 180 .8849
60 200 .8847
60 220 .8855
60 240 .8832
60 260 .8808
60 280 .8790
60 300 .8769
60 320 .8749
60 340 .8727
60 360 .8700
60 380 1.0
60 400 1.0
60 420 1.0
60 440 1.0
60 460 1.0
60 480 1.0
60 500 1.0
60 520 1.0
60 540 1.0
60 560 1.0
60 580 1.0
60 600 1.0
60 620 1.0
60 640 1.0
60 660 1.0
60 680 1.0
60 700 1.0
60 720 1.0
60 740 1.0
60 760 1.0
60 780 1.0
60 800 1.0
80 0 1.0
80 20 .8844
80 40 .8641
80 60 1.0
80 80 1.0
80 100 .8800
80 120 .8820
80 140 .8843
80 160 .8833
80 180 .8842
80 200 .8844
80 220 .8846
80 240 .8827
80 260 .8803
80 280 .8784
80 300 .8764
80 320 .8740
80 340 .8721
80 360 .8692
80 380 .8673
80 400 .8641
80 420 .8623
80 440 .8598
80 460 1.0
80 480 1.0
80 500 1.0
80 520 1.0
80 540 1.0
80 560 1.0
80 580 1.0
80 600 1.0
80 620 1.0
80 640 1.0
80 660 1.0
80 680 1.0
80 700 1.0
80 720 1.0
80 740 1.0
80 760 1.0
80 780 1.0
80 800 1.0
100 0 1.0
100 20 .8844
100 40 .8643
100 60 1.0
100 80 1.0
100 100 .8799
100 120 .8813
100 140 .8843
100 160 .8842
100 180 .8837
100 200 .8844
100 220 .8844
100 240 .8822
100 260 .8797
100 280 .8778
100 300 .8757
100 320 .8733
100 340 .8719
100 360 .8692
100 380 .8654
100 400 .8643
100 420 .8613
100 440 .8592
100 460 .8575
100 480 .8572
100 500 .8560
100 520 .8558
100 540 1.0
100 560 1.0
100 580 1.0
100 600 1.0
100 620 1.0
100 640 1.0
100 660 1.0
100 680 1.0
100 700 1.0
100 720 1.0
100 740 1.0
100 760 1.0
100 780 1.0
100 800 1.0
120 0 1.0
120 20 .8839
120 40 .8621
120 60 .8583
120 80 1.0
120 100 .8793
120 120 .8824
120 140 .8838
120 160 .8833
120 180 .8830
120 200 .8839
120 220 .8839
120 240 .8821
120 260 .8793
120 280 .8775
120 300 .8755
120 320 .8731
120 340 .8707
120 360 .8682
120 380 .8647
120 400 .8621
120 420 .8604
120 440 .8580
120 460 .8571
120 480 .8560
120 500 .8541
120 520 .8539
120 540 .8536
120 560 .8561
120 580 .8567
120 600 .8583
120 620 .8607
120 640 1.0
120 660 1.0
120 680 1.0
120 700 1.0
120 720 1.0
120 740 1.0
120 760 1.0
120 780 1.0
120 800 1.0
140 0 1.0
140 20 .8840
140 40 .8623
140 60 .8571
140 80 1.0
140 100 .8798
140 120 .8828
140 140 .8839
140 160 .8834
140 180 .8839
140 200 .8840
140 220 .8838
140 240 .8812
140 260 .8791
140 280 .8770
140 300 .8746
140 320 .8724
140 340 .8705
140 360 .8676
140 380 .8648
140 400 .8623
140 420 .8599
140 440 .8573
140 460 .8557
140 480 .8549
140 500 .8541
140 520 .8528
140 540 .8533
140 560 .8533
140 580 .8555
140 600 .8571
140 620 .8591
140 640 .8617
140 660 .8647
140 680 .8675
140 700 .8718
140 720 1.0
140 740 1.0
140 760 1.0
140 780 1.0
140 800 1.0
160 0 1.0
160 20 .8836
160 40 .8607
160 60 .8560
160 80 1.0
160 100 .8794
160 120 .8822
160 140 .8843
160 160 .8827
160 180 .8835
160 200 .8836
160 220 .8831
160 240 .8810
160 260 .8783
160 280 .8768
160 300 .8743
160 320 .8719
160 340 .8696
160 360 .8667
160 380 .8640
160 400 .8607
160 420 .8589
160 440 .8564
160 460 .8552
160 480 .8542
160 500 .8530
160 520 .8519
160 540 .8521
160 560 .8537
160 580 .8542
160 600 .8560
160 620 .8581
160 640 .8603
160 660 .8633
160 680 .8666
160 700 .8705
160 720 .8736
160 740 .8772
160 760 .8811
160 780 .8850
160 800 1.0
180 0 1.0
180 20 .8836
180 40 .8610
180 60 .8549
180 80 .8879
180 100 .8785
180 120 .8820
180 140 .8834
180 160 .8820
180 180 .8845
180 200 .8836
180 220 .8826
180 240 .8805
180 260 .8779
180 280 .8763
180 300 .8739
180 320 .8716
180 340 .8690
180 360 .8669
180 380 .8631
180 400 .8610
180 420 .8585
180 440 .8555
180 460 .8542
180 480 .8536
180 500 .8524
180 520 .8513
180 540 .8520
180 560 .8522
180 580 .8531
180 600 .8549
180 620 .8570
180 640 .8592
180 660 .8622
180 680 .8655
180 700 .8693
180 720 .8724
180 740 .8758
180 760 .8799
180 780 .8839
180 800 .8879
200 0 1.0
200 20 .8829
200 40 .8605
200 60 .8540
200 80 .8865
200 100 .8790
200 120 .8817
200 140 .8833
200 160 .8819
200 180 .8819
200 200 .8829
200 220 .8825
200 240 .8801
200 260 .8777
200 280 .8758
200 300 .8735
200 320 .8714
200 340 .8691
200 360 .8655
200 380 .8635
200 400 .8605
200 420 .8578
200 440 .8552
200 460 .8535
200 480 .8530
200 500 .8521
200 520 .8508
200 540 .8513
200 560 .8511
200 580 .8522
200 600 .8540
200 620 .8561
200 640 .8581
200 660 .8612
200 680 .8644
200 700 .8681
200 720 .8710
200 740 .8749
200 760 .8790
200 780 .8825
200 800 .8865
220 0 1.0
220 20 .8830
220 40 .8599
220 60 .8533
220 80 .8855
220 100 .8773
220 120 .8816
220 140 .8831
220 160 .8825
220 180 .8831
220 200 .8830
220 220 .8822
220 240 .8797
220 260 .8775
220 280 .8756
220 300 .8733
220 320 .8710
220 340 .8689
220 360 .8655
220 380 .8628
220 400 .8599
220 420 .8574
220 440 .8545
220 460 .8532
220 480 .8523
220 500 .8505
220 520 .8502
220 540 .8493
220 560 .8507
220 580 .8517
220 600 .8533
220 620 .8555
220 640 .8577
220 660 .8605
220 680 .8632
220 700 .8669
220 720 .8705
220 740 .8738
220 760 .8781
220 780 .8817
220 800 .8855
240 0 1.0
240 20 .8831
240 40 .8593
240 60 .8524
240 80 .8852
240 100 .8776
240 120 .8811
240 140 .8825
240 160 .8815
240 180 .8843
240 200 .8831
240 220 .8817
240 240 .8792
240 260 .8772
240 280 .8752
240 300 .8726
240 320 .8705
240 340 .8683
240 360 .8650
240 380 .8610
240 400 .8593
240 420 .8566
240 440 .8542
240 460 .8531
240 480 .8519
240 500 .8504
240 520 .8494
240 540 .8500
240 560 .8502
240 580 .8512
240 600 .8524
240 620 .8547
240 640 .8568
240 660 .8598
240 680 .8628
240 700 .8661
240 720 .8700
240 740 .8732
240 760 .8772
240 780 .8810
240 800 .8852
260 0 1.0
260 20 .8831
260 40 .8591
260 60 .8523
260 80 .8848
260 100 .8758
260 120 .8811
260 140 .8820
260 160 .8830
260 180 .8828
260 200 .8831
260 220 .8815
260 240 .8789
260 260 .8768
260 280 .8749
260 300 .8720
260 320 .8701
260 340 .8680
260 360 .8653
260 380 .8615
260 400 .8591
260 420 .8561
260 440 .8537
260 460 .8528
260 480 .8514
260 500 .8504
260 520 .8481
260 540 .8495
260 560 .8498
260 580 .8508
260 600 .8523
260 620 .8545
260 640 .8566
260 660 .8590
260 680 .8629
260 700 .8651
260 720 .8692
260 740 .8730
260 760 .8767
260 780 .8807
260 800 .8848
280 0 1.0
280 20 .8826
280 40 .8589
280 60 .8521
280 80 .8839
280 100 .8751
280 120 .8802
280 140 .8810
280 160 .8820
280 180 .8826
280 200 .8826
280 220 .8809
280 240 .8786
280 260 .8765
280 280 .8743
280 300 .8720
280 320 .8702
280 340 .8676
280 360 .8640
280 380 .8610
280 400 .8589
280 420 .8558
280 440 .8536
280 460 .8530
280 480 .8513
280 500 .8502
280 520 .8492
280 540 .8493
280 560 .8497
280 580 .8506
280 600 .8521
280 620 .8544
280 640 .8557
280 660 .8585
280 680 .8620
280 700 .8657
280 720 .8687
280 740 .8721
280 760 .8761
280 780 .8801
280 800 .8839
300 0 1.0
300 20 .8825
300 40 .8585
300 60 .8521
300 80 .8834
300 100 .8743
300 120 .8793
300 140 .8816
300 160 .8822
300 180 .8821
300 200 .8825
300 220 .8804
300 240 .8778
300 260 .8765
300 280 .8741
300 300 .8719
300 320 .8700
300 340 .8673
300 360 .8634
300 380 .8614
300 400 .8585
300 420 .8559
300 440 .8537
300 460 .8525
300 480 .8507
300 500 .8497
300 520 .8484
300 540 .8491
300 560 .8495
300 580 .8505
300 600 .8521
300 620 .8535
300 640 .8559
300 660 .8588
300 680 .8619
300 700 .8651
300 720 .8685
300 740 .8719
300 760 .8759
300 780 .8797
300 800 .8834
320 0 1.0
320 20 .8822
320 40 .8581
320 60 .8520
320 80 .8837
320 100 .8733
320 120 .8788
320 140 .8812
320 160 .8813
320 180 .8822
320 200 .8822
320 220 .8799
320 240 .8775
320 260 .8759
320 280 .8736
320 300 .8718
320 320 .8699
320 340 .8671
320 360 .8647
320 380 .8597
320 400 .8581
320 420 .8555
320 440 .8536
320 460 .8523
320 480 .8506
320 500 .8490
320 520 .8484
320 540 .8488
320 560 .8499
320 580 .8505
320 600 .8520
320 620 .8542
320 640 .8565
320 660 .8589
320 680 .8623
320 700 .8657
320 720 .8682
320 740 .8718
320 760 .8760
320 780 .8795
320 800 .8837
340 0 1.0
340 20 .8814
340 40 .8581
340 60 .8523
340 80 .8838
340 100 .8725
340 120 .8779
340 140 .8800
340 160 .8799
340 180 .8818
340 200 .8814
340 220 .8794
340 240 .8772
340 260 .8758
340 280 .8736
340 300 .8716
340 320 .8695
340 340 .8670
340 360 .8643
340 380 .8610
340 400 .8581
340 420 .8554
340 440 .8538
340 460 .8528
340 480 .8515
340 500 .8497
340 520 .8493
340 540 .8487
340 560 .8502
340 580 .8509
340 600 .8523
340 620 .8544
340 640 .8564
340 660 .8590
340 680 .8623
340 700 .8645
340 720 .8682
340 740 .8718
340 760 .8758
340 780 .8796
340 800 .8838
360 0 1.0
360 20 .8806
360 40 .8583
360 60 .8530
360 80 .8840
360 100 .8720
360 120 .8765
360 140 .8802
360 160 .8806
360 180 .8811
360 200 .8806
360 220 .8790
360 240 .8770
360 260 .8754
360 280 .8734
360 300 .8714
360 320 .8692
360 340 .8664
360 360 .8637
360 380 .8607
360 400 .8583
360 420 .8553
360 440 .8536
360 460 .8526
360 480 .8516
360 500 .8507
360 520 .8504
360 540 .8501
360 560 .8505
360 580 .8512
360 600 .8530
360 620 .8542
360 640 .8567
360 660 .8591
360 680 .8624
360 700 .8649
360 720 .8689
360 740 .8722
360 760 .8760
360 780 .8801
360 800 .8840
380 0 1.0
380 20 .8800
380 40 .8582
380 60 .8535
380 80 .8840
380 100 .8716
380 120 .8769
380 140 .8797
380 160 .8811
380 180 .8807
380 200 .8800
380 220 .8784
380 240 .8767
380 260 .8753
380 280 .8731
380 300 .8713
380 320 .8691
380 340 .8668
380 360 .8643
380 380 .8606
380 400 .8582
380 420 .8556
380 440 .8538
380 460 .8526
380 480 .8515
380 500 .8499
380 520 .8497
380 540 .8503
380 560 .8506
380 580 .8519
380 600 .8535
380 620 .8551
380 640 .8573
380 660 .8599
380 680 .8631
380 700 .8665
380 720 .8695
380 740 .8728
380 760 .8767
380 780 .8803
380 800 .8840
400 0 1.0
400 20 .8798
400 40 .8580
400 60 .8540
400 80 .8847
400 100 .8712
400 120 .8757
400 140 .8797
400 160 .8801
400 180 .8806
400 200 .8798
400 220 .8781
400 240 .8764
400 260 .8749
400 280 .8729
400 300 .8715
400 320 .8695
400 340 .8670
400 360 .8628
400 380 .8607
400 400 .8580
400 420 .8560
400 440 .8544
400 460 .8534
400 480 .8526
400 500 .8505
400 520 .8509
400 540 .8507
400 560 .8513
400 580 .8527
400 600 .8540
400 620 .8560
400 640 .8576
400 660 .8609
400 680 .8636
400 700 .8669
400 720 .8698
400 740 .8733
400 760 .8771
400 780 .8809
400 800 .8847
420 0 1.0
420 20 .8791
420 40 .8581
420 60 .8553
420 80 .8854
420 100 .8708
420 120 .8753
420 140 .8789
420 160 .8795
420 180 .8798
420 200 .8791
420 220 .8778
420 240 .8766
420 260 .8747
420 280 .8729
420 300 .8710
420 320 .8695
420 340 .8670
420 360 .8624
420 380 .8608
420 400 .8581
420 420 .8559
420 440 .8548
420 460 .8542
420 480 .8525
420 500 .8520
420 520 .8513
420 540 .8515
420 560 .8523
420 580 .8532
420 600 .8553
420 620 .8568
420 640 .8591
420 660 .8620
420 680 .8642
420 700 .8675
420 720 .8706
420 740 .8743
420 760 .8778
420 780 .8815
420 800 .8854
440 0 1.0
440 20 .8786
440 40 .8586
440 60 .8558
440 80 .8860
440 100 .8715
440 120 .8747
440 140 .8776
440 160 .8789
440 180 .8793
440 200 .8786
440 220 .8776
440 240 .8761
440 260 .8745
440 280 .8726
440 300 .8714
440 320 .8691
440 340 .8666
440 360 .8639
440 380 .8607
440 400 .8586
440 420 .8565
440 440 .8550
440 460 .8539
440 480 .8528
440 500 .8516
440 520 .8530
440 540 .8525
440 560 .8530
440 580 .8545
440 600 .8558
440 620 .8579
440 640 .8599
440 660 .8627
440 680 .8657
440 700 .8684
440 720 .8716
440 740 .8751
440 760 .8786
440 780 .8825
440 800 .8860
460 0 1.0
460 20 .8781
460 40 .8588
460 60 .8574
460 80 .8869
460 100 .8712
460 120 .8751
460 140 .8769
460 160 .8785
460 180 .8794
460 200 .8781
460 220 .8773
460 240 .8761
460 260 .8741
460 280 .8727
460 300 .8712
460 320 .8698
460 340 .8671
460 360 .8638
460 380 .8613
460 400 .8588
460 420 .8566
460 440 .8559
460 460 .8552
460 480 .8535
460 500 .8531
460 520 .8532
460 540 .8533
460 560 .8542
460 580 .8555
460 600 .8574
460 620 .8586
460 640 .8613
460 660 .8641
460 680 .8661
460 700 .8695
460 720 .8724
460 740 .8758
460 760 .8798
460 780 .8834
460 800 .8869
480 0 1.0
480 20 .8781
480 40 .8591
480 60 .8584
480 80 .8880
480 100 .8709
480 120 .8749
480 140 .8776
480 160 .8787
480 180 .8786
480 200 .8781
480 220 .8768
480 240 .8754
480 260 .8744
480 280 .8727
480 300 .8716
480 320 .8692
480 340 .8667
480 360 .8636
480 380 .8614
480 400 .8591
480 420 .8573
480 440 .8565
480 460 .8557
480 480 .8545
480 500 .8543
480 520 .8539
480 540 .8542
480 560 .8552
480 580 .8566
480 600 .8584
480 620 .8598
480 640 .8623
480 660 .8642
480 680 .8681
480 700 .8706
480 720 .8738
480 740 .8770
480 760 .8808
480 780 .8845
480 800 .8880
500 0 1.0
500 20 .8778
500 40 .8595
500 60 .8595
500 80 .8892
500 100 .8707
500 120 .8748
500 140 .8777
500 160 .8783
500 180 .8783
500 200 .8778
500 220 .8768
500 240 .8755
500 260 .8741
500 280 .8729
500 300 .8719
500 320 .8703
500 340 .8667
500 360 .8652
500 380 .8616
500 400 .8595
500 420 .8576
500 440 .8573
500 460 .8566
500 480 .8552
500 500 .8551
500 520 .8550
500 540 .8558
500 560 .8564
500 580 .8577
500 600 .8595
500 620 .8615
500 640 .8637
500 660 .8661
500 680 .8691
500 700 .8721
500 720 .8750
500 740 .8785
500 760 .8819
500 780 .8854
500 800 .8892
520 0 1.0
520 20 .8779
520 40 .8602
520 60 .8610
520 80 .8903
520 100 .8705
520 120 .8752
520 140 .8775
520 160 .8785
520 180 .8781
520 200 .8779
520 220 .8764
520 240 .8755
520 260 .8740
520 280 .8729
520 300 .8723
520 320 .8701
520 340 .8673
520 360 .8649
520 380 .8619
520 400 .8602
520 420 .8586
520 440 .8583
520 460 .8576
520 480 .8564
520 500 .8561
520 520 .8563
520 540 .8569
520 560 .8577
520 580 .8593
520 600 .8610
520 620 .8627
520 640 .8649
520 660 .8677
520 680 .8706
520 700 .8734
520 720 .8763
520 740 .8793
520 760 .8834
520 780 .8865
520 800 .8903
540 0 1.0
540 20 .8774
540 40 .8610
540 60 .8624
540 80 .8915
540 100 .8728
540 120 .8748
540 140 .8778
540 160 .8783
540 180 .8778
540 200 .8774
540 220 .8763
540 240 .8753
540 260 .8742
540 280 .8729
540 300 .8717
540 320 .8693
540 340 .8675
540 360 .8652
540 380 .8630
540 400 .8610
540 420 .8596
540 440 .8593
540 460 .8586
540 480 .8581
540 500 .8571
540 520 .8577
540 540 .8582
540 560 .8591
540 580 .8602
540 600 .8624
540 620 .8642
540 640 .8668
540 660 .8694
540 680 .8718
540 700 .8745
540 720 .8778
540 740 .8807
540 760 .8847
540 780 .8879
540 800 .8915
560 0 1.0
560 20 .8776
560 40 .8615
560 60 .8641
560 80 .8927
560 100 .8721
560 120 .8749
560 140 .8789
560 160 .8787
560 180 .8780
560 200 .8776
560 220 .8764
560 240 .8752
560 260 .8746
560 280 .8730
560 300 .8719
560 320 .8708
560 340 .8684
560 360 .8656
560 380 .8634
560 400 .8615
560 420 .8605
560 440 .8596
560 460 .8593
560 480 .8590
560 500 .8585
560 520 .8589
560 540 .8596
560 560 .8605
560 580 .8622
560 600 .8641
560 620 .8654
560 640 .8680
560 660 .8707
560 680 .8734
560 700 .8762
560 720 .8792
560 740 .8828
560 760 .8860
560 780 .8891
560 800 .8927
580 0 1.0
580 20 .8772
580 40 .8625
580 60 .8655
580 80 .8941
580 100 .8721
580 120 .8744
580 140 .8788
580 160 .8787
580 180 .8781
580 200 .8772
580 220 .8766
580 240 .8755
580 260 .8747
580 280 .8738
580 300 .8724
580 320 .8701
580 340 .8687
580 360 .8660
580 380 .8642
580 400 .8625
580 420 .8615
580 440 .8613
580 460 .8604
580 480 .8600
580 500 .8602
580 520 .8604
580 540 .8612
580 560 .8622
580 580 .8637
580 600 .8655
580 620 .8674
580 640 .8697
580 660 .8727
580 680 .8750
580 700 .8779
580 720 .8810
580 740 .8840
580 760 .8875
580 780 .8910
580 800 .8941
600 0 1.0
600 20 .8777
600 40 .8636
600 60 .8671
600 80 .8955
600 100 .8720
600 120 .8753
600 140 .8791
600 160 .8786
600 180 .8785
600 200 .8777
600 220 .8764
600 240 .8755
600 260 .8748
600 280 .8742
600 300 .8723
600 320 .8711
600 340 .8681
600 360 .8667
600 380 .8647
600 400 .8636
600 420 .8628
600 440 .8625
600 460 .8616
600 480 .8614
600 500 .8616
600 520 .8622
600 540 .8625
600 560 .8639
600 580 .8654
600 600 .8671
600 620 .8694
600 640 .8718
600 660 .8741
600 680 .8767
600 700 .8797
600 720 .8824
600 740 .8859
600 760 .8890
600 780 .8924
600 800 .8955
620 0 1.0
620 20 .8776
620 40 .8644
620 60 .8686
620 80 .8971
620 100 .8719
620 120 .8749
620 140 .8791
620 160 .8788
620 180 .8783
620 200 .8776
620 220 .8768
620 240 .8759
620 260 .8755
620 280 .8745
620 300 .8730
620 320 .8714
620 340 .8695
620 360 .8676
620 380 .8652
620 400 .8644
620 420 .8640
620 440 .8636
620 460 .8630
620 480 .8628
620 500 .8627
620 520 .8634
620 540 .8643
620 560 .8656
620 580 .8672
620 600 .8686
620 620 .8711
620 640 .8731
620 660 .8758
620 680 .8784
620 700 .8813
620 720 .8839
620 740 .8875
620 760 .8905
620 780 .8941
620 800 .8971
640 0 1.0
640 20 .8775
640 40 .8659
640 60 .8706
640 80 .8987
640 100 .8717
640 120 .8741
640 140 .8796
640 160 .8788
640 180 .8785
640 200 .8775
640 220 .8773
640 240 .8764
640 260 .8759
640 280 .8749
640 300 .8735
640 320 .8715
640 340 .8698
640 360 .8681
640 380 .8667
640 400 .8659
640 420 .8652
640 440 .8647
640 460 .8650
640 480 .8639
640 500 .8645
640 520 .8652
640 540 .8662
640 560 .8675
640 580 .8687
640 600 .8706
640 620 .8723
640 640 .8753
640 660 .8778
640 680 .8803
640 700 .8831
640 720 .8858
640 740 .8891
640 760 .8922
640 780 .8954
640 800 .8987
660 0 1.0
660 20 .8783
660 40 .8668
660 60 .8726
660 80 .9000
660 100 .8718
660 120 .8746
660 140 .8795
660 160 .8793
660 180 .8786
660 200 .8783
660 220 .8776
660 240 .8771
660 260 .8761
660 280 .8753
660 300 .8740
660 320 .8725
660 340 .8710
660 360 .8689
660 380 .8677
660 400 .8668
660 420 .8662
660 440 .8657
660 460 .8657
660 480 .8659
660 500 .8663
660 520 .8670
660 540 .8677
660 560 .8695
660 580 .8710
660 600 .8726
660 620 .8747
660 640 .8770
660 660 .8793
660 680 .8823
660 700 .8849
660 720 .8877
660 740 .8911
660 760 .8940
660 780 .8967
660 800 .9000
680 0 1.0
680 20 .8783
680 40 .8680
680 60 .8743
680 80 .9011
680 100 .8715
680 120 .8749
680 140 .8782
680 160 .8794
680 180 .8795
680 200 .8783
680 220 .8779
680 240 .8771
680 260 .8768
680 280 .8756
680 300 .8748
680 320 .8735
680 340 .8719
680 360 .8701
680 380 .8686
680 400 .8680
680 420 .8680
680 440 .8677
680 460 .8678
680 480 .8676
680 500 .8682
680 520 .8687
680 540 .8697
680 560 .8709
680 580 .8725
680 600 .8743
680 620 .8766
680 640 .8790
680 660 .8815
680 680 .8839
680 700 .8868
680 720 .8895
680 740 .8922
680 760 .8954
680 780 .8986
680 800 .9011
700 0 1.0
700 20 .8786
700 40 .8696
700 60 .8767
700 80 .9028
700 100 .8716
700 120 .8747
700 140 .8799
700 160 .8790
700 180 .8790
700 200 .8786
700 220 .8782
700 240 .8781
700 260 .8776
700 280 .8762
700 300 .8756
700 320 .8740
700 340 .8728
700 360 .8711
700 380 .8703
700 400 .8696
700 420 .8691
700 440 .8695
700 460 .8690
700 480 .8693
700 500 .8695
700 520 .8704
700 540 .8715
700 560 .8730
700 580 .8745
700 600 .8767
700 620 .8785
700 640 .8812
700 660 .8833
700 680 .8859
700 700 .8884
700 720 .8914
700 740 .8946
700 760 .8973
700 780 .9001
700 800 .9028
720 0 1.0
720 20 .8789
720 40 .8711
720 60 .8782
720 80 .9045
720 100 .8717
720 120 .8753
720 140 .8783
720 160 .8797
720 180 .8794
720 200 .8789
720 220 .8788
720 240 .8785
720 260 .8782
720 280 .8772
720 300 .8765
720 320 .8756
720 340 .8736
720 360 .8724
720 380 .8719
720 400 .8711
720 420 .8706
720 440 .8708
720 460 .8710
720 480 .8710
720 500 .8713
720 520 .8723
720 540 .8734
720 560 .8750
720 580 .8764
720 600 .8782
720 620 .8807
720 640 .8827
720 660 .8853
720 680 .8876
720 700 .8905
720 720 .8930
720 740 .8958
720 760 .8990
720 780 .9016
720 800 .9045
740 0 1.0
740 20 .8799
740 40 .8725
740 60 .8805
740 80 .9057
740 100 .8716
740 120 .8758
740 140 .8800
740 160 .8797
740 180 .8791
740 200 .8799
740 220 .8793
740 240 .8792
740 260 .8785
740 280 .8782
740 300 .8772
740 320 .8764
740 340 .8745
740 360 .8735
740 380 .8728
740 400 .8725
740 420 .8723
740 440 .8724
740 460 .8726
740 480 .8729
740 500 .8733
740 520 .8743
740 540 .8753
740 560 .8768
740 580 .8787
740 600 .8805
740 620 .8822
740 640 .8849
740 660 .8872
740 680 .8896
740 700 .8923
740 720 .8951
740 740 .8978
740 760 .9008
740 780 .9034
740 800 .9057
760 0 1.0
760 20 .8796
760 40 .8743
760 60 .8822
760 80 .9074
760 100 .8712
760 120 .8752
760 140 .8783
760 160 .8802
760 180 .8796
760 200 .8796
760 220 .8798
760 240 .8797
760 260 .8795
760 280 .8792
760 300 .8783
760 320 .8768
760 340 .8759
760 360 .8749
760 380 .8743
760 400 .8743
760 420 .8737
760 440 .8736
760 460 .8744
760 480 .8748
760 500 .8753
760 520 .8763
760 540 .8776
760 560 .8787
760 580 .8807
760 600 .8822
760 620 .8846
760 640 .8867
760 660 .8891
760 680 .8915
760 700 .8940
760 720 .8966
760 740 .8994
760 760 .9024
760 780 .9050
760 800 .9074
780 0 1.0
780 20 .8799
780 40 .8758
780 60 .8847
780 80 .9088
780 100 .8716
780 120 .8742
780 140 .8784
780 160 .8801
780 180 .8799
780 200 .8799
780 220 .8803
780 240 .8802
780 260 .8798
780 280 .8796
780 300 .8792
780 320 .8785
780 340 .8771
780 360 .8762
780 380 .8757
780 400 .8758
780 420 .8756
780 440 .8752
780 460 .8758
780 480 .8766
780 500 .8775
780 520 .8784
780 540 .8795
780 560 .8810
780 580 .8825
780 600 .8847
780 620 .8866
780 640 .8889
780 660 .8914
780 680 .8937
780 700 .8960
780 720 .8984
780 740 .9010
780 760 .9040
780 780 .9066
780 800 .9088
800 0 1.0
800 20 .8804
800 40 .8771
800 60 .8863
800 80 .9103
800 100 .8717
800 120 .8757
800 140 .8805
800 160 .8800
800 180 .8802
800 200 .8804
800 220 .8809
800 240 .8810
800 260 .8807
800 280 .8807
800 300 .8798
800 320 .8793
800 340 .8781
800 360 .8776
800 380 .8773
800 400 .8771
800 420 .8775
800 440 .8779
800 460 .8779
800 480 .8784
800 500 .8791
800 520 .8800
800 540 .8818
800 560 .8829
800 580 .8843
800 600 .8863
800 620 .8887
800 640 .8909
800 660 .8931
800 680 .8953
800 700 .8976
800 720 .9003
800 740 .9031
800 760 .9056
800 780 .9081
800 800 .9103
820 0 1.0
820 20 .8807
820 40 .8788
820 60 .8885
820 80 .9116
820 100 .8716
820 120 .8748
820 140 .8786
820 160 .8803
820 180 .8805
820 200 .8807
820 220 .8813
820 240 .8815
820 260 .8815
820 280 .8811
820 300 .8809
820 320 .8806
820 340 .8794
820 360 .8790
820 380 .8788
820 400 .8788
820 420 .8790
820 440 .8789
820 460 .8797
820 480 .8803
820 500 .8812
820 520 .8823
820 540 .8836
820 560 .8847
820 580 .8867
820 600 .8885
820 620 .8906
820 640 .8929
820 660 .8948
820 680 .8974
820 700 .8996
820 720 .9022
820 740 .9045
820 760 .9070
820 780 .9096
820 800 .9116
840 0 1.0
840 20 .8819
840 40 .8803
840 60 .8907
840 80 .9131
840 100 .8719
840 120 .8754
840 140 .8785
840 160 .8808
840 180 .8806
840 200 .8819
840 220 .8819
840 240 .8823
840 260 .8824
840 280 .8818
840 300 .8815
840 320 .8814
840 340 .8808
840 360 .8806
840 380 .8805
840 400 .8803
840 420 .8806
840 440 .8812
840 460 .8815
840 480 .8822
840 500 .8831
840 520 .8844
840 540 .8858
840 560 .8872
840 580 .8890
840 600 .8907
840 620 .8927
840 640 .8947
840 660 .8970
840 680 .8992
840 700 .9017
840 720 .9038
840 740 .9062
840 760 .9085
840 780 .9110
840 800 .9131
860 0 1.0
860 20 .8825
860 40 .8820
860 60 .8928
860 80 .9145
860 100 .8717
860 120 .8755
860 140 .8804
860 160 .8812
860 180 .8815
860 200 .8825
860 220 .8823
860 240 .8829
860 260 .8832
860 280 .8834
860 300 .8833
860 320 .8829
860 340 .8822
860 360 .8823
860 380 .8817
860 400 .8820
860 420 .8825
860 440 .8829
860 460 .8834
860 480 .8841
860 500 .8854
860 520 .8864
860 540 .8877
860 560 .8891
860 580 .8907
860 600 .8928
860 620 .8948
860 640 .8966
860 660 .8988
860 680 .9013
860 700 .9032
860 720 .9057
860 740 .9080
860 760 .9103
860 780 .9124
860 800 .9145
880 0 1.0
880 20 .8826
880 40 .8839
880 60 .8948
880 80 .9160
880 100 .8721
880 120 .8750
880 140 .8787
880 160 .8814
880 180 .8814
880 200 .8826
880 220 .8831
880 240 .8836
880 260 .8836
880 280 .8839
880 300 .8840
880 320 .8840
880 340 .8836
880 360 .8836
880 380 .8834
880 400 .8839
880 420 .8838
880 440 .8847
880 460 .8855
880 480 .8860
880 500 .8870
880 520 .8884
880 540 .8896
880 560 .8915
880 580 .8930
880 600 .8948
880 620 .8967
880 640 .8989
880 660 .9010
880 680 .9028
880 700 .9051
880 720 .9073
880 740 .9097
880 760 .9119
880 780 .9139
880 800 .9160
900 0 1.0
900 20 .8825
900 40 .8853
900 60 .8969
900 80 .9173
900 100 .8723
900 120 .8753
900 140 .8811
900 160 .8814
900 180 .8817
900 200 .8825
900 220 .8834
900 240 .8843
900 260 .8847
900 280 .8845
900 300 .8852
900 320 .8850
900 340 .8849
900 360 .8852
900 380 .8852
900 400 .8853
900 420 .8860
900 440 .8862
900 460 .8873
900 480 .8881
900 500 .8891
900 520 .8905
900 540 .8918
900 560 .8936
900 580 .8952
900 600 .8969
900 620 .8988
900 640 .9006
900 660 .9029
900 680 .9049
900 700 .9067
900 720 .9094
900 740 .9111
900 760 .9134
900 780 .9153
900 800 .9173
920 0 1.0
920 20 .8829
920 40 .8872
920 60 .8987
920 80 .9187
920 100 .8716
920 120 .8754
920 140 .8813
920 160 .8818
920 180 .8822
920 200 .8829
920 220 .8839
920 240 .8850
920 260 .8850
920 280 .8860
920 300 .8862
920 320 .8864
920 340 .8865
920 360 .8867
920 380 .8868
920 400 .8872
920 420 .8872
920 440 .8883
920 460 .8890
920 480 .8899
920 500 .8911
920 520 .8927
920 540 .8940
920 560 .8953
920 580 .8973
920 600 .8987
920 620 .9006
920 640 .9026
920 660 .9043
920 680 .9069
920 700 .9087
920 720 .9108
920 740 .9126
920 760 .9148
920 780 .9166
920 800 .9187
940 0 1.0
940 20 .8835
940 40 .8886
940 60 .9009
940 80 .9198
940 100 .8719
940 120 .8753
940 140 .8795
940 160 .8820
940 180 .8824
940 200 .8835
940 220 .8846
940 240 .8857
940 260 .8867
940 280 .8872
940 300 .8874
940 320 .8872
940 340 .8879
940 360 .8884
940 380 .8886
940 400 .8886
940 420 .8895
940 440 .8901
940 460 .8910
940 480 .8920
940 500 .8934
940 520 .8948
940 540 .8958
940 560 .8974
940 580 .8990
940 600 .9009
940 620 .9028
940 640 .9044
940 660 .9062
940 680 .9086
940 700 .9105
940 720 .9123
940 740 .9148
940 760 .9162
940 780 .9181
940 800 .9198
960 0 1.0
960 20 .8841
960 40 .8902
960 60 .9027
960 80 .9211
960 100 .8722
960 120 .8767
960 140 .8816
960 160 .8825
960 180 .8835
960 200 .8841
960 220 .8852
960 240 .8859
960 260 .8870
960 280 .8874
960 300 .8886
960 320 .8890
960 340 .8896
960 360 .8896
960 380 .8898
960 400 .8902
960 420 .8911
960 440 .8919
960 460 .8929
960 480 .8937
960 500 .8951
960 520 .8965
960 540 .8981
960 560 .8994
960 580 .9008
960 600 .9027
960 620 .9043
960 640 .9063
960 660 .9082
960 680 .9100
960 700 .9120
960 720 .9139
960 740 .9158
960 760 .9176
960 780 .9195
960 800 .9211
980 0 1.0
980 20 .8842
980 40 .8918
980 60 .9045
980 80 .9223
980 100 .8717
980 120 .8765
980 140 .8819
980 160 .8824
980 180 .8839
980 200 .8842
980 220 .8859
980 240 .8867
980 260 .8879
980 280 .8889
980 300 .8893
980 320 .8904
980 340 .8908
980 360 .8913
980 380 .8916
980 400 .8918
980 420 .8926
980 440 .8937
980 460 .8947
980 480 .8959
980 500 .8970
980 520 .8986
980 540 .9000
980 560 .9015
980 580 .9029
980 600 .9045
980 620 .9062
980 640 .9081
980 660 .9097
980 680 .9117
980 700 .9135
980 720 .9155
980 740 .9175
980 760 .9190
980 780 .9207
980 800 .9223
1000 0 1.0
1000 20 .8850
1000 40 .8937
1000 60 .9063
1000 80 .9236
1000 100 .8721
1000 120 .8754
1000 140 .8821
1000 160 .8832
1000 180 .8838
1000 200 .8850
1000 220 .8864
1000 240 .8874
1000 260 .8889
1000 280 .8894
1000 300 .8908
1000 320 .8916
1000 340 .8922
1000 360 .8927
1000 380 .8935
1000 400 .8937
1000 420 .8946
1000 440 .8956
1000 460 .8965
1000 480 .8977
1000 500 .8991
1000 520 .9003
1000 540 .9016
1000 560 .9031
1000 580 .9046
1000 600 .9063
1000 620 .9079
1000 640 .9098
1000 660 .9115
1000 680 .9132
1000 700 .9150
1000 720 .9169
1000 740 .9187
1000 760 .9202
1000 780 .9218
1000 800 .9236
1020 0 1.0
1020 20 .8853
1020 40 .8953
1020 60 .9082
1020 80 .9246
1020 100 .8724
1020 120 .8759
1020 140 .8799
1020 160 .8830
1020 180 .8841
1020 200 .8853
1020 220 .8869
1020 240 .8881
1020 260 .8898
1020 280 .8911
1020 300 .8920
1020 320 .8929
1020 340 .8934
1020 360 .8942
1020 380 .8945
1020 400 .8953
1020 420 .8962
1020 440 .8971
1020 460 .8982
1020 480 .8996
1020 500 .9010
1020 520 .9022
1020 540 .9038
1020 560 .9051
1020 580 .9066
1020 600 .9082
1020 620 .9098
1020 640 .9115
1020 660 .9132
1020 680 .9150
1020 700 .9161
1020 720 .9183
1020 740 .9200
1020 760 .9216
1020 780 .9231
1020 800 .9246
1040 0 1.0
1040 20 .8857
1040 40 .8972
1040 60 .9099
1040 80 .9258
1040 100 .8722
1040 120 .8749
1040 140 .8804
1040 160 .8837
1040 180 .8844
1040 200 .8857
1040 220 .8872
1040 240 .8887
1040 260 .8901
1040 280 .8917
1040 300 .8927
1040 320 .8938
1040 340 .8945
1040 360 .8956
1040 380 .8965
1040 400 .8972
1040 420 .8977
1040 440 .8989
1040 460 .8999
1040 480 .9013
1040 500 .9026
1040 520 .9041
1040 540 .9053
1040 560 .9069
1040 580 .9084
1040 600 .9099
1040 620 .9114
1040 640 .9129
1040 660 .9148
1040 680 .9161
1040 700 .9182
1040 720 .9193
1040 740 .9212
1040 760 .9229
1040 780 .9243
1040 800 .9258
1060 0 1.0
1060 20 .8860
1060 40 .8984
1060 60 .9114
1060 80 .9268
1060 100 .8723
1060 120 .8746
1060 140 .8804
1060 160 .8835
1060 180 .8852
1060 200 .8860
1060 220 .8880
1060 240 .8897
1060 260 .8914
1060 280 .8928
1060 300 .8941
1060 320 .8951
1060 340 .8961
1060 360 .8967
1060 380 .8973
1060 400 .8984
1060 420 .8995
1060 440 .9005
1060 460 .9018
1060 480 .9029
1060 500 .9042
1060 520 .9058
1060 540 .9071
1060 560 .9087
1060 580 .9101
1060 600 .9114
1060 620 .9131
1060 640 .9148
1060 660 .9163
1060 680 .9176
1060 700 .9195
1060 720 .9210
1060 740 .9226
1060 760 .9241
1060 780 .9255
1060 800 .9268
1080 0 1.0
1080 20 .8866
1080 40 .9001
1080 60 .9132
1080 80 .9279
1080 100 .8726
1080 120 .8752
1080 140 .8805
1080 160 .8837
1080 180 .8856
1080 200 .8866
1080 220 .8885
1080 240 .8900
1080 260 .8921
1080 280 .8939
1080 300 .8950
1080 320 .8962
1080 340 .8970
1080 360 .8980
1080 380 .8992
1080 400 .9001
1080 420 .9011
1080 440 .9023
1080 460 .9033
1080 480 .9046
1080 500 .9063
1080 520 .9075
1080 540 .9089
1080 560 .9102
1080 580 .9117
1080 600 .9132
1080 620 .9146
1080 640 .9162
1080 660 .9179
1080 680 .9192
1080 700 .9211
1080 720 .9225
1080 740 .9238
1080 760 .9252
1080 780 .9266
1080 800 .9279
1100 0 1.0
1100 20 .8870
1100 40 .9013
1100 60 .9148
1100 80 .9289
1100 100 .8725
1100 120 .8760
1100 140 .8804
1100 160 .8846
1100 180 .8859
1100 200 .8870
1100 220 .8890
1100 240 .8911
1100 260 .8927
1100 280 .8942
1100 300 .8956
1100 320 .8973
1100 340 .8984
1100 360 .8997
1100 380 .9003
1100 400 .9013
1100 420 .9025
1100 440 .9038
1100 460 .9048
1100 480 .9065
1100 500 .9080
1100 520 .9091
1100 540 .9105
1100 560 .9119
1100 580 .9132
1100 600 .9148
1100 620 .9160
1100 640 .9178
1100 660 .9193
1100 680 .9205
1100 700 .9221
1100 720 .9232
1100 740 .9251
1100 760 .9264
1100 780 .9276
1100 800 .9289
1120 0 1.0
1120 20 .8882
1120 40 .9030
1120 60 .9161
1120 80 .9299
1120 100 .8724
1120 120 .8750
1120 140 .8807
1120 160 .8848
1120 180 .8862
1120 200 .8882
1120 220 .8895
1120 240 .8915
1120 260 .8937
1120 280 .8955
1120 300 .8973
1120 320 .8985
1120 340 .8997
1120 360 .9009
1120 380 .9019
1120 400 .9030
1120 420 .9038
1120 440 .9049
1120 460 .9064
1120 480 .9081
1120 500 .9092
1120 520 .9107
1120 540 .9120
1120 560 .9134
1120 580 .9147
1120 600 .9161
1120 620 .9175
1120 640 .9191
1120 660 .9204
1120 680 .9219
1120 700 .9231
1120 720 .9247
1120 740 .9260
1120 760 .9275
1120 780 .9287
1120 800 .9299
1140 0 1.0
1140 20 .8884
1140 40 .9042
1140 60 .9175
1140 80 .9308
1140 100 .8728
1140 120 .8759
1140 140 .8832
1140 160 .8846
1140 180 .8860
1140 200 .8884
1140 220 .8900
1140 240 .8924
1140 260 .8942
1140 280 .8963
1140 300 .8979
1140 320 .8989
1140 340 .9008
1140 360 .9018
1140 380 .9031
1140 400 .9042
1140 420 .9052
1140 440 .9065
1140 460 .9080
1140 480 .9096
1140 500 .9110
1140 520 .9124
1140 540 .9136
1140 560 .9148
1140 580 .9162
1140 600 .9175
1140 620 .9190
1140 640 .9206
1140 660 .9219
1140 680 .9231
1140 700 .9246
1140 720 .9261
1140 740 .9273
1140 760 .9284
1140 780 .9296
1140 800 .9308
1160 0 1.0
1160 20 .8890
1160 40 .9055
1160 60 .9190
1160 80 .9315
1160 100 .8732
1160 120 .8775
1160 140 .8810
1160 160 .8848
1160 180 .8865
1160 200 .8890
1160 220 .8908
1160 240 .8929
1160 260 .8950
1160 280 .8968
1160 300 .8987
1160 320 .9006
1160 340 .9019
1160 360 .9030
1160 380 .9044
1160 400 .9055
1160 420 .9068
1160 440 .9081
1160 460 .9095
1160 480 .9109
1160 500 .9124
1160 520 .9135
1160 540 .9150
1160 560 .9163
1160 580 .9177
1160 600 .9190
1160 620 .9203
1160 640 .9218
1160 660 .9232
1160 680 .9246
1160 700 .9255
1160 720 .9267
1160 740 .9282
1160 760 .9295
1160 780 .9306
1160 800 .9315
1180 0 1.0
1180 20 .8893
1180 40 .9069
1180 60 .9202
1180 80 .9324
1180 100 .8729
1180 120 .8775
1180 140 .8835
1180 160 .8854
1180 180 .8871
1180 200 .8893
1180 220 .8911
1180 240 .8931
1180 260 .8955
1180 280 .8980
1180 300 .8994
1180 320 .9013
1180 340 .9032
1180 360 .9044
1180 380 .9052
1180 400 .9069
1180 420 .9081
1180 440 .9093
1180 460 .9108
1180 480 .9124
1180 500 .9134
1180 520 .9152
1180 540 .9164
1180 560 .9176
1180 580 .9191
1180 600 .9202
1180 620 .9216
1180 640 .9230
1180 660 .9242
1180 680 .9255
1180 700 .9273
1180 720 .9278
1180 740 .9293
1180 760 .9303
1180 780 .9313
1180 800 .9324
1200 0 1.0
1200 20 .8895
1200 40 .9079
1200 60 .9215
1200 80 .9331
1200 100 .8727
1200 120 .8777
1200 140 .8837
1200 160 .8854
1200 180 .8879
1200 200 .8895
1200 220 .8916
1200 240 .8938
1200 260 .8961
1200 280 .8986
1200 300 .9007
1200 320 .9026
1200 340 .9040
1200 360 .9053
1200 380 .9067
1200 400 .9079
1200 420 .9092
1200 440 .9107
1200 460 .9123
1200 480 .9139
1200 500 .9151
1200 520 .9162
1200 540 .9176
1200 560 .9191
1200 580 .9203
1200 600 .9215
1200 620 .9230
1200 640 .9242
1200 660 .9254
1200 680 .9269
1200 700 .9276
1200 720 .9293
1200 740 .9298
1200 760 .9313
1200 780 .9321
1200 800 .9331
1220 0 1.0
1220 20 .8900
1220 40 .9092
1220 60 .9226
1220 80 1.0
1220 100 .8734
1220 120 .8787
1220 140 .8845
1220 160 .8858
1220 180 .8875
1220 200 .8900
1220 220 .8920
1220 240 .8947
1220 260 .8970
1220 280 .8994
1220 300 .9015
1220 320 .9035
1220 340 .9046
1220 360 .9065
1220 380 .9078
1220 400 .9092
1220 420 .9105
1220 440 .9121
1220 460 .9134
1220 480 .9148
1220 500 .9161
1220 520 .9178
1220 540 .9190
1220 560 .9203
1220 580 .9216
1220 600 .9226
1220 620 .9241
1220 640 .9253
1220 660 .9265
1220 680 .9277
1220 700 .9287
1220 720 .9298
1220 740 .9313
1220 760 .9321
1220 780 .9331
1220 800 1.0
1240 0 1.0
1240 20 .8905
1240 40 .9103
1240 60 .9241
1240 80 1.0
1240 100 .8741
1240 120 .8788
1240 140 .8839
1240 160 .8863
1240 180 .8878
1240 200 .8905
1240 220 .8925
1240 240 .8952
1240 260 .8976
1240 280 .8996
1240 300 .9019
1240 320 .9041
1240 340 .9058
1240 360 .9075
1240 380 .9086
1240 400 .9103
1240 420 .9118
1240 440 .9132
1240 460 .9148
1240 480 .9163
1240 500 .9173
1240 520 .9189
1240 540 .9203
1240 560 .9215
1240 580 .9227
1240 600 .9241
1240 620 .9252
1240 640 .9264
1240 660 .9277
1240 680 .9290
1240 700 .9297
1240 720 .9308
1240 740 .9315
1240 760 .9330
1240 780 .9339
1240 800 1.0
1260 0 1.0
1260 20 .8908
1260 40 .9114
1260 60 .9250
1260 80 1.0
1260 100 .8736
1260 120 .8788
1260 140 .8841
1260 160 .8864
1260 180 .8881
1260 200 .8908
1260 220 .8929
1260 240 .8955
1260 260 .8982
1260 280 .9006
1260 300 .9028
1260 320 .9053
1260 340 .9069
1260 360 .9081
1260 380 .9098
1260 400 .9114
1260 420 .9128
1260 440 .9141
1260 460 .9158
1260 480 .9172
1260 500 .9188
1260 520 .9201
1260 540 .9214
1260 560 .9227
1260 580 .9239
1260 600 .9250
1260 620 .9263
1260 640 .9275
1260 660 .9287
1260 680 .9298
1260 700 .9306
1260 720 .9321
1260 740 .9328
1260 760 .9336
1260 780 .9345
1260 800 1.0
1280 0 1.0
1280 20 .8909
1280 40 .9124
1280 60 .9262
1280 80 1.0
1280 100 .8738
1280 120 .8781
1280 140 .8849
1280 160 .8864
1280 180 .8884
1280 200 .8909
1280 220 .8936
1280 240 .8959
1280 260 .8983
1280 280 .9015
1280 300 .9039
1280 320 .9060
1280 340 .9074
1280 360 .9091
1280 380 .9106
1280 400 .9124
1280 420 .9139
1280 440 .9156
1280 460 .9170
1280 480 .9183
1280 500 .9195
1280 520 .9211
1280 540 .9225
1280 560 .9238
1280 580 .9249
1280 600 .9262
1280 620 .9271
1280 640 .9286
1280 660 .9295
1280 680 .9310
1280 700 .9321
1280 720 .9325
1280 740 .9337
1280 760 .9343
1280 780 .9352
1280 800 1.0
1300 0 1.0
1300 20 .8914
1300 40 .9133
1300 60 .9272
1300 80 1.0
1300 100 .8736
1300 120 .8792
1300 140 .8846
1300 160 .8872
1300 180 .8891
1300 200 .8914
1300 220 .8937
1300 240 .8966
1300 260 .8994
1300 280 .9021
1300 300 .9040
1300 320 .9066
1300 340 .9084
1300 360 .9101
1300 380 .9118
1300 400 .9133
1300 420 .9150
1300 440 .9165
1300 460 .9178
1300 480 .9195
1300 500 .9209
1300 520 .9223
1300 540 .9236
1300 560 .9247
1300 580 .9260
1300 600 .9272
1300 620 .9284
1300 640 .9296
1300 660 .9301
1300 680 .9313
1300 700 .9323
1300 720 .9333
1300 740 .9344
1300 760 .9352
1300 780 .9359
1300 800 1.0
1320 0 1.0
1320 20 .8918
1320 40 .9142
1320 60 .9282
1320 80 1.0
1320 100 .8741
1320 120 .8784
1320 140 .8851
1320 160 .8864
1320 180 .8894
1320 200 .8918
1320 220 .8942
1320 240 .8970
1320 260 .8998
1320 280 .9024
1320 300 .9052
1320 320 .9078
1320 340 .9092
1320 360 .9108
1320 380 .9128
1320 400 .9142
1320 420 .9158
1320 440 .9174
1320 460 .9192
1320 480 .9201
1320 500 .9216
1320 520 .9231
1320 540 .9246
1320 560 .9258
1320 580 .9271
1320 600 .9282
1320 620 .9292
1320 640 .9301
1320 660 .9313
1320 680 .9322
1320 700 .9335
1320 720 .9344
1320 740 .9353
1320 760 .9358
1320 780 .9353
1320 800 1.0
1340 0 1.0
1340 20 .8920
1340 40 .9152
1340 60 .9290
1340 80 1.0
1340 100 .8741
1340 120 .8786
1340 140 .8848
1340 160 .8873
1340 180 .8898
1340 200 .8920
1340 220 .8945
1340 240 .8975
1340 260 .9005
1340 280 .9033
1340 300 .9055
1340 320 .9083
1340 340 .9103
1340 360 .9118
1340 380 .9138
1340 400 .9152
1340 420 .9169
1340 440 .9185
1340 460 .9202
1340 480 .9215
1340 500 .9230
1340 520 .9243
1340 540 .9256
1340 560 .9267
1340 580 .9278
1340 600 .9290
1340 620 .9302
1340 640 .9314
1340 660 .9322
1340 680 .9329
1340 700 .9339
1340 720 .9347
1340 740 .9358
1340 760 .9358
1340 780 .9360
1340 800 1.0
1360 0 1.0
1360 20 .8923
1360 40 .9161
1360 60 .9301
1360 80 1.0
1360 100 .8747
1360 120 .8777
1360 140 .8832
1360 160 .8869
1360 180 .8900
1360 200 .8923
1360 220 .8951
1360 240 .8980
1360 260 .9007
1360 280 .9038
1360 300 .9069
1360 320 .9088
1360 340 .9105
1360 360 .9128
1360 380 .9146
1360 400 .9161
1360 420 .9175
1360 440 .9197
1360 460 .9211
1360 480 .9224
1360 500 .9237
1360 520 .9251
1360 540 .9266
1360 560 .9276
1360 580 .9289
1360 600 .9301
1360 620 .9312
1360 640 .9318
1360 660 .9331
1360 680 .9337
1360 700 .9347
1360 720 .9355
1360 740 .9366
1360 760 .9359
1360 780 .9366
1360 800 1.0
1380 0 1.0
1380 20 .8928
1380 40 .9168
1380 60 .9308
1380 80 1.0
1380 100 .8744
1380 120 .8780
1380 140 .8854
1380 160 .8871
1380 180 .8902
1380 200 .8928
1380 220 .8955
1380 240 .8984
1380 260 .9014
1380 280 .9043
1380 300 .9072
1380 320 .9098
1380 340 .9114
1380 360 .9132
1380 380 .9151
1380 400 .9168
1380 420 .9186
1380 440 .9200
1380 460 .9219
1380 480 .9234
1380 500 .9243
1380 520 .9260
1380 540 .9274
1380 560 .9285
1380 580 .9297
1380 600 .9308
1380 620 .9320
1380 640 .9328
1380 660 .9340
1380 680 .9344
1380 700 .9353
1380 720 .9360
1380 740 .9370
1380 760 .9363
1380 780 .9373
1380 800 1.0
1400 0 1.0
1400 20 .8931
1400 40 .9177
1400 60 .9316
1400 80 1.0
1400 100 .8751
1400 120 .8783
1400 140 .8835
1400 160 .8882
1400 180 .8900
1400 200 .8931
1400 220 .8956
1400 240 .8988
1400 260 .9017
1400 280 .9044
1400 300 .9079
1400 320 .9103
1400 340 .9122
1400 360 .9142
1400 380 .9162
1400 400 .9177
1400 420 .9196
1400 440 .9211
1400 460 .9225
1400 480 .9243
1400 500 .9257
1400 520 .9271
1400 540 .9281
1400 560 .9294
1400 580 .9305
1400 600 .9316
1400 620 .9328
1400 640 .9331
1400 660 .9344
1400 680 .9351
1400 700 .9360
1400 720 .9368
1400 740 .9365
1400 760 .9372
1400 780 .9377
1400 800 1.0
1420 0 1.0
1420 20 .8933
1420 40 .9185
1420 60 .9325
1420 80 1.0
1420 100 .8754
1420 120 .8775
1420 140 .8836
1420 160 .8878
1420 180 .8904
1420 200 .8933
1420 220 .8961
1420 240 .8992
1420 260 .9021
1420 280 .9053
1420 300 .9085
1420 320 .9107
1420 340 .9131
1420 360 .9146
1420 380 .9167
1420 400 .9185
1420 420 .9201
1420 440 .9221
1420 460 .9235
1420 480 .9247
1420 500 .9262
1420 520 .9276
1420 540 .9289
1420 560 .9301
1420 580 .9313
1420 600 .9325
1420 620 .9331
1420 640 .9342
1420 660 .9351
1420 680 .9357
1420 700 .9370
1420 720 .9377
1420 740 .9366
1420 760 .9376
1420 780 .9381
1420 800 1.0
1440 0 1.0
1440 20 .8931
1440 40 .9192
1440 60 .9330
1440 80 1.0
1440 100 .8755
1440 120 .8784
1440 140 .8853
1440 160 .8884
1440 180 .8908
1440 200 .8931
1440 220 .8964
1440 240 .8996
1440 260 .9027
1440 280 .9060
1440 300 .9086
1440 320 .9111
1440 340 .9129
1440 360 .9156
1440 380 .9170
1440 400 .9192
1440 420 .9208
1440 440 .9226
1440 460 .9245
1440 480 .9257
1440 500 .9273
1440 520 .9286
1440 540 .9297
1440 560 .9310
1440 580 .9320
1440 600 .9330
1440 620 .9340
1440 640 .9351
1440 660 .9358
1440 680 .9366
1440 700 .9372
1440 720 .9365
1440 740 .9375
1440 760 .9383
1440 780 .9388
1440 800 1.0
1460 0 1.0
1460 20 .8932
1460 40 .9197
1460 60 .9337
1460 80 1.0
1460 100 .8756
1460 120 .8785
1460 140 .8845
1460 160 .8886
1460 180 .8910
1460 200 .8932
1460 220 .8971
1460 240 .9003
1460 260 .9032
1460 280 .9065
1460 300 .9091
1460 320 .9120
1460 340 .9136
1460 360 .9162
1460 380 .9182
1460 400 .9197
1460 420 .9217
1460 440 .9236
1460 460 .9249
1460 480 .9265
1460 500 .9277
1460 520 .9291
1460 540 .9304
1460 560 .9315
1460 580 .9326
1460 600 .9337
1460 620 .9345
1460 640 .9351
1460 660 .9361
1460 680 .9372
1460 700 .9377
1460 720 .9371
1460 740 .9376
1460 760 .9386
1460 780 .9393
1460 800 1.0
1480 0 1.0
1480 20 .8938
1480 40 .9205
1480 60 .9345
1480 80 1.0
1480 100 .8757
1480 120 .8788
1480 140 .8841
1480 160 .8891
1480 180 .8913
1480 200 .8938
1480 220 .8974
1480 240 .9004
1480 260 .9039
1480 280 .9071
1480 300 .9099
1480 320 .9126
1480 340 .9148
1480 360 .9170
1480 380 .9185
1480 400 .9205
1480 420 .9224
1480 440 .9241
1480 460 .9258
1480 480 .9269
1480 500 .9288
1480 520 .9298
1480 540 .9311
1480 560 .9321
1480 580 .9333
1480 600 .9345
1480 620 .9353
1480 640 .9359
1480 660 .9369
1480 680 .9378
1480 700 .9369
1480 720 .9375
1480 740 .9386
1480 760 .9385
1480 780 .9397
1480 800 1.0
1500 0 1.0
1500 20 .8940
1500 40 .9212
1500 60 .9349
1500 80 1.0
1500 100 .8755
1500 120 .8786
1500 140 .8858
1500 160 .8891
1500 180 .8917
1500 200 .8940
1500 220 .8976
1500 240 .9009
1500 260 .9042
1500 280 .9071
1500 300 .9105
1500 320 .9127
1500 340 .9154
1500 360 .9174
1500 380 .9193
1500 400 .9212
1500 420 .9230
1500 440 .9249
1500 460 .9264
1500 480 .9281
1500 500 .9290
1500 520 .9305
1500 540 .9318
1500 560 .9329
1500 580 .9339
1500 600 .9349
1500 620 .9357
1500 640 .9367
1500 660 .9372
1500 680 .9383
1500 700 .9375
1500 720 .9382
1500 740 .9386
1500 760 .9398
1500 780 .9402
1500 800 1.0
1520 0 1.0
1520 20 .8942
1520 40 .9217
1520 60 .9356
1520 80 1.0
1520 100 .8757
1520 120 .8789
1520 140 .8858
1520 160 .8890
1520 180 .8918
1520 200 .8942
1520 220 .8981
1520 240 .9013
1520 260 .9046
1520 280 .9079
1520 300 .9109
1520 320 .9131
1520 340 .9161
1520 360 .9180
1520 380 .9201
1520 400 .9217
1520 420 .9235
1520 440 .9255
1520 460 .9269
1520 480 .9286
1520 500 .9299
1520 520 .9311
1520 540 .9324
1520 560 .9334
1520 580 .9345
1520 600 .9356
1520 620 .9362
1520 640 .9372
1520 660 .9380
1520 680 .9367
1520 700 .9380
1520 720 .9387
1520 740 .9396
1520 760 .9399
1520 780 .9404
1520 800 1.0
1540 0 1.0
1540 20 .8953
1540 40 .9223
1540 60 .9360
1540 80 1.0
1540 100 .8762
1540 120 .8798
1540 140 .8857
1540 160 .8897
1540 180 .8925
1540 200 .8953
1540 220 .8983
1540 240 .9017
1540 260 .9048
1540 280 .9082
1540 300 .9112
1540 320 .9143
1540 340 .9158
1540 360 .9186
1540 380 .9206
1540 400 .9223
1540 420 .9243
1540 440 .9262
1540 460 .9276
1540 480 .9288
1540 500 .9303
1540 520 .9319
1540 540 .9329
1540 560 .9342
1540 580 .9350
1540 600 .9360
1540 620 .9367
1540 640 .9375
1540 660 .9369
1540 680 .9376
1540 700 .9384
1540 720 .9390
1540 740 .9396
1540 760 .9406
1540 780 .9408
1540 800 1.0
1560 0 1.0
1560 20 .8955
1560 40 .9229
1560 60 .9364
1560 80 1.0
1560 100 .8764
1560 120 .8797
1560 140 .8858
1560 160 .8900
1560 180 .8925
1560 200 .8955
1560 220 .8985
1560 240 .9021
1560 260 .9053
1560 280 .9088
1560 300 .9117
1560 320 .9146
1560 340 .9164
1560 360 .9190
1560 380 .9210
1560 400 .9229
1560 420 .9249
1560 440 .9267
1560 460 .9284
1560 480 .9298
1560 500 .9311
1560 520 .9323
1560 540 .9335
1560 560 .9347
1560 580 .9355
1560 600 .9364
1560 620 .9371
1560 640 .9380
1560 660 .9374
1560 680 .9381
1560 700 .9389
1560 720 .9395
1560 740 .9404
1560 760 .9408
1560 780 .9412
1560 800 1.0
1580 0 1.0
1580 20 .8959
1580 40 .9234
1580 60 .9370
1580 80 1.0
1580 100 .8773
1580 120 .8797
1580 140 .8854
1580 160 .8899
1580 180 .8922
1580 200 .8959
1580 220 .8989
1580 240 .9022
1580 260 .9055
1580 280 .9091
1580 300 .9123
1580 320 .9149
1580 340 .9176
1580 360 .9197
1580 380 .9217
1580 400 .9234
1580 420 .9252
1580 440 .9269
1580 460 .9287
1580 480 .9302
1580 500 .9318
1580 520 .9327
1580 540 .9340
1580 560 .9351
1580 580 .9360
1580 600 .9370
1580 620 .9377
1580 640 .9368
1580 660 .9379
1580 680 .9386
1580 700 .9394
1580 720 .9398
1580 740 .9404
1580 760 .9406
1580 780 .9414
1580 800 1.0
1600 0 1.0
1600 20 .8961
1600 40 .9239
1600 60 .9375
1600 80 1.0
1600 100 .8774
1600 120 .8811
1600 140 .8855
1600 160 .8898
1600 180 .8930
1600 200 .8961
1600 220 .8992
1600 240 .9026
1600 260 .9060
1600 280 .9095
1600 300 .9127
1600 320 .9153
1600 340 .9180
1600 360 .9200
1600 380 .9222
1600 400 .9239
1600 420 .9260
1600 440 .9277
1600 460 .9292
1600 480 .9309
1600 500 .9321
1600 520 .9336
1600 540 .9345
1600 560 .9356
1600 580 .9366
1600 600 .9375
1600 620 .9381
1600 640 .9373
1600 660 .9381
1600 680 .9392
1600 700 .9394
1600 720 .9404
1600 740 .9411
1600 760 .9414
1600 780 .9418
1600 800 1.0
1620 0 1.0
1620 20 .8962
1620 40 .9245
1620 60 .9379
1620 80 1.0
1620 100 .8776
1620 120 .8816
1620 140 .8877
1620 160 .8909
1620 180 .8932
1620 200 .8962
1620 220 .8994
1620 240 .9030
1620 260 .9062
1620 280 .9099
1620 300 .9129
1620 320 .9161
1620 340 .9186
1620 360 .9205
1620 380 .9226
1620 400 .9245
1620 420 .9264
1620 440 .9281
1620 460 .9298
1620 480 .9311
1620 500 .9327
1620 520 .9337
1620 540 .9350
1620 560 .9359
1620 580 .9371
1620 600 .9379
1620 620 .9387
1620 640 .9380
1620 660 .9388
1620 680 .9397
1620 700 .9401
1620 720 .9411
1620 740 .9411
1620 760 .9417
1620 780 .9421
1620 800 1.0
1640 0 1.0
1640 20 .8961
1640 40 .9247
1640 60 .9382
1640 80 1.0
1640 100 .8784
1640 120 .8817
1640 140 .8873
1640 160 .8909
1640 180 .8930
1640 200 .8961
1640 220 .8997
1640 240 .9032
1640 260 .9066
1640 280 .9103
1640 300 .9137
1640 320 .9164
1640 340 .9182
1640 360 .9210
1640 380 .9228
1640 400 .9247
1640 420 .9269
1640 440 .9285
1640 460 .9301
1640 480 .9318
1640 500 .9328
1640 520 .9342
1640 540 .9353
1640 560 .9365
1640 580 .9375
1640 600 .9382
1640 620 .9390
1640 640 .9382
1640 660 .9390
1640 680 .9398
1640 700 .9406
1640 720 .9410
1640 740 .9412
1640 760 .9422
1640 780 .9424
1640 800 1.0
1660 0 1.0
1660 20 .8971
1660 40 .9254
1660 60 .9388
1660 80 1.0
1660 100 .8788
1660 120 .8812
1660 140 .8867
1660 160 .8907
1660 180 .8938
1660 200 .8971
1660 220 .9001
1660 240 .9035
1660 260 .9071
1660 280 .9103
1660 300 .9137
1660 320 .9167
1660 340 .9186
1660 360 .9213
1660 380 .9234
1660 400 .9254
1660 420 .9273
1660 440 .9288
1660 460 .9306
1660 480 .9320
1660 500 .9337
1660 520 .9350
1660 540 .9358
1660 560 .9369
1660 580 .9378
1660 600 .9388
1660 620 .9393
1660 640 .9384
1660 660 .9396
1660 680 .9402
1660 700 .9405
1660 720 .9414
1660 740 .9416
1660 760 .9423
1660 780 .9426
1660 800 1.0
1680 0 1.0
1680 20 .8964
1680 40 .9258
1680 60 .9390
1680 80 1.0
1680 100 .8793
1680 120 .8814
1680 140 .8884
1680 160 .8911
1680 180 .8941
1680 200 .8964
1680 220 .9004
1680 240 .9037
1680 260 .9076
1680 280 .9110
1680 300 .9138
1680 320 .9168
1680 340 .9198
1680 360 .9218
1680 380 .9238
1680 400 .9258
1680 420 .9276
1680 440 .9295
1680 460 .9308
1680 480 .9323
1680 500 .9336
1680 520 .9350
1680 540 .9363
1680 560 .9374
1680 580 .9381
1680 600 .9390
1680 620 .9397
1680 640 .9392
1680 660 .9397
1680 680 .9405
1680 700 .9414
1680 720 .9415
1680 740 .9418
1680 760 .9420
1680 780 .9428
1680 800 1.0
1700 0 1.0
1700 20 .8975
1700 40 .9262
1700 60 .9392
1700 80 1.0
1700 100 .8789
1700 120 .8826
1700 140 .8877
1700 160 .8913
1700 180 .8938
1700 200 .8975
1700 220 .9007
1700 240 .9040
1700 260 .9075
1700 280 .9115
1700 300 .9148
1700 320 .9169
1700 340 .9201
1700 360 .9220
1700 380 .9243
1700 400 .9262
1700 420 .9280
1700 440 .9300
1700 460 .9313
1700 480 .9329
1700 500 .9343
1700 520 .9354
1700 540 .9367
1700 560 .9375
1700 580 .9386
1700 600 .9392
1700 620 .9402
1700 640 .9394
1700 660 .9403
1700 680 .9408
1700 700 .9412
1700 720 .9420
1700 740 .9426
1700 760 .9429
1700 780 .9429
1700 800 1.0
1720 0 1.0
1720 20 .8979
1720 40 .9265
1720 60 .9396
1720 80 1.0
1720 100 .8793
1720 120 .8831
1720 140 .8884
1720 160 .8919
1720 180 .8945
1720 200 .8979
1720 220 .9009
1720 240 .9046
1720 260 .9080
1720 280 .9116
1720 300 .9149
1720 320 .9178
1720 340 .9204
1720 360 .9225
1720 380 .9245
1720 400 .9265
1720 420 .9286
1720 440 .9300
1720 460 .9320
1720 480 .9333
1720 500 .9349
1720 520 .9358
1720 540 .9371
1720 560 .9380
1720 580 .9389
1720 600 .9396
1720 620 .9402
1720 640 .9395
1720 660 .9404
1720 680 .9411
1720 700 .9414
1720 720 .9421
1720 740 .9423
1720 760 .9430
1720 780 .9432
1720 800 1.0
1740 0 1.0
1740 20 .8975
1740 40 .9268
1740 60 .9399
1740 80 1.0
1740 100 .8776
1740 120 .8833
1740 140 .8892
1740 160 .8921
1740 180 .8944
1740 200 .8975
1740 220 .9009
1740 240 .9045
1740 260 .9087
1740 280 .9117
1740 300 .9150
1740 320 .9182
1740 340 .9206
1740 360 .9228
1740 380 .9249
1740 400 .9268
1740 420 .9288
1740 440 .9305
1740 460 .9320
1740 480 .9337
1740 500 .9348
1740 520 .9361
1740 540 .9373
1740 560 .9383
1740 580 .9392
1740 600 .9399
1740 620 .9407
1740 640 .9400
1740 660 .9409
1740 680 .9413
1740 700 .9422
1740 720 .9425
1740 740 .9431
1740 760 .9427
1740 780 .9433
1740 800 1.0
1760 0 1.0
1760 20 .8976
1760 40 .9274
1760 60 .9403
1760 80 1.0
1760 100 .8778
1760 120 .8843
1760 140 .8898
1760 160 .8922
1760 180 .8945
1760 200 .8976
1760 220 .9014
1760 240 .9051
1760 260 .9089
1760 280 .9124
1760 300 .9150
1760 320 .9182
1760 340 .9203
1760 360 .9231
1760 380 .9253
1760 400 .9274
1760 420 .9293
1760 440 .9309
1760 460 .9323
1760 480 .9338
1760 500 .9354
1760 520 .9365
1760 540 .9377
1760 560 .9387
1760 580 .9394
1760 600 .9403
1760 620 .9410
1760 640 .9399
1760 660 .9407
1760 680 .9417
1760 700 .9420
1760 720 .9426
1760 740 .9429
1760 760 .9434
1760 780 .9436
1760 800 1.0
1780 0 1.0
1780 20 .8988
1780 40 .9276
1780 60 .9406
1780 80 1.0
1780 100 .8783
1780 120 .8854
1780 140 .8908
1780 160 .8924
1780 180 .8958
1780 200 .8988
1780 220 .9020
1780 240 .9057
1780 260 .9090
1780 280 .9125
1780 300 .9155
1780 320 .9185
1780 340 .9205
1780 360 .9233
1780 380 .9257
1780 400 .9276
1780 420 .9294
1780 440 .9312
1780 460 .9327
1780 480 .9345
1780 500 .9355
1780 520 .9372
1780 540 .9380
1780 560 .9390
1780 580 .9396
1780 600 .9406
1780 620 .9409
1780 640 .9404
1780 660 .9413
1780 680 .9419
1780 700 .9422
1780 720 .9428
1780 740 .9430
1780 760 .9436
1780 780 .9438
1780 800 1.0
1800 0 1.0
1800 20 .8984
1800 40 .9281
1800 60 .9408
1800 80 1.0
1800 100 1.0
1800 120 .8862
1800 140 .8912
1800 160 .8928
1800 180 .8958
1800 200 .8984
1800 220 .9021
1800 240 .9056
1800 260 .9092
1800 280 .9128
1800 300 .9163
1800 320 .9185
1800 340 .9216
1800 360 .9236
1800 380 .9259
1800 400 .9281
1800 420 .9298
1800 440 .9318
1800 460 .9331
1800 480 .9346
1800 500 .9361
1800 520 .9371
1800 540 .9383
1800 560 .9392
1800 580 .9401
1800 600 .9408
1800 620 .9415
1800 640 .9409
1800 660 .9412
1800 680 .9418
1800 700 .9428
1800 720 .9430
1800 740 .9433
1800 760 .9431
1800 780 .9438
1800 800 1.0
1820 0 1.0
1820 20 .8986
1820 40 .9283
1820 60 .9410
1820 80 1.0
1820 100 1.0
1820 120 .8867
1820 140 .8914
1820 160 .8933
1820 180 .8959
1820 200 .8986
1820 220 .9022
1820 240 .9058
1820 260 .9096
1820 280 .9122
1820 300 .9165
1820 320 .9194
1820 340 .9219
1820 360 .9237
1820 380 .9263
1820 400 .9283
1820 420 .9303
1820 440 .9319
1820 460 .9333
1820 480 .9352
1820 500 .9365
1820 520 .9374
1820 540 .9385
1820 560 .9395
1820 580 .9403
1820 600 .9410
1820 620 .9416
1820 640 .9412
1820 660 .9418
1820 680 .9423
1820 700 .9427
1820 720 .9432
1820 740 .9433
1820 760 .9440
1820 780 .9440
1820 800 1.0
1840 0 1.0
1840 20 .8987
1840 40 .9288
1840 60 .9412
1840 80 1.0
1840 100 1.0
1840 120 .8885
1840 140 .8915
1840 160 .8935
1840 180 .8964
1840 200 .8987
1840 220 .9024
1840 240 .9061
1840 260 .9098
1840 280 .9136
1840 300 .9164
1840 320 .9197
1840 340 .9221
1840 360 .9245
1840 380 .9267
1840 400 .9288
1840 420 .9305
1840 440 .9323
1840 460 .9337
1840 480 .9350
1840 500 .9364
1840 520 .9379
1840 540 .9388
1840 560 .9396
1840 580 .9405
1840 600 .9412
1840 620 .9418
1840 640 .9412
1840 660 .9419
1840 680 .9426
1840 700 .9431
1840 720 .9434
1840 740 .9441
1840 760 .9437
1840 780 .9442
1840 800 1.0
1860 0 1.0
1860 20 .8992
1860 40 .9289
1860 60 .9413
1860 80 1.0
1860 100 1.0
1860 120 .8874
1860 140 .8921
1860 160 .8939
1860 180 .8961
1860 200 .8992
1860 220 .9026
1860 240 .9065
1860 260 .9098
1860 280 .9137
1860 300 .9167
1860 320 .9197
1860 340 .9219
1860 360 .9247
1860 380 .9268
1860 400 .9289
1860 420 .9308
1860 440 .9327
1860 460 .9343
1860 480 .9357
1860 500 .9369
1860 520 .9380
1860 540 .9391
1860 560 .9399
1860 580 .9407
1860 600 .9413
1860 620 .9420
1860 640 .9416
1860 660 .9424
1860 680 .9428
1860 700 .9430
1860 720 .9436
1860 740 .9436
1860 760 .9436
1860 780 .9443
1860 800 1.0
1880 0 1.0
1880 20 .8994
1880 40 .9292
1880 60 .9418
1880 80 1.0
1880 100 1.0
1880 120 .8876
1880 140 .8917
1880 160 .8942
1880 180 .8961
1880 200 .8994
1880 220 .9030
1880 240 .9067
1880 260 .9104
1880 280 .9137
1880 300 .9175
1880 320 .9197
1880 340 .9222
1880 360 .9250
1880 380 .9273
1880 400 .9292
1880 420 .9310
1880 440 .9327
1880 460 .9342
1880 480 .9360
1880 500 .9373
1880 520 .9382
1880 540 .9393
1880 560 .9402
1880 580 .9410
1880 600 .9418
1880 620 .9422
1880 640 .9416
1880 660 .9421
1880 680 .9430
1880 700 .9432
1880 720 .9438
1880 740 .9444
1880 760 .9445
1880 780 .9444
1880 800 1.0
1900 0 1.0
1900 20 .8995
1900 40 .9295
1900 60 .9419
1900 80 1.0
1900 100 1.0
1900 120 .8871
1900 140 .8916
1900 160 .8946
1900 180 .8970
1900 200 .8995
1900 220 .9032
1900 240 .9071
1900 260 .9108
1900 280 .9138
1900 300 .9175
1900 320 .9207
1900 340 .9224
1900 360 .9252
1900 380 .9276
1900 400 .9295
1900 420 .9316
1900 440 .9330
1900 460 .9347
1900 480 .9362
1900 500 .9372
1900 520 .9384
1900 540 .9395
1900 560 .9404
1900 580 .9412
1900 600 .9419
1900 620 .9423
1900 640 .9417
1900 660 .9423
1900 680 .9429
1900 700 .9433
1900 720 .9439
1900 740 .9440
1900 760 .9441
1900 780 .9445
1900 800 1.0
1920 0 1.0
1920 20 .9001
1920 40 .9297
1920 60 .9419
1920 80 1.0
1920 100 1.0
1920 120 .8872
1920 140 .8913
1920 160 .8947
1920 180 .8974
1920 200 .9001
1920 220 .9035
1920 240 .9070
1920 260 .9108
1920 280 .9142
1920 300 .9178
1920 320 .9209
1920 340 .9236
1920 360 .9256
1920 380 .9278
1920 400 .9297
1920 420 .9314
1920 440 .9330
1920 460 .9351
1920 480 .9364
1920 500 .9378
1920 520 .9391
1920 540 .9398
1920 560 .9406
1920 580 .9413
1920 600 .9419
1920 620 .9426
1920 640 .9420
1920 660 .9428
1920 680 .9430
1920 700 .9434
1920 720 .9439
1920 740 .9441
1920 760 .9440
1920 780 .9446
1920 800 1.0
1940 0 1.0
1940 20 .9005
1940 40 .9300
1940 60 .9423
1940 80 1.0
1940 100 1.0
1940 120 .8871
1940 140 .8907
1940 160 .8950
1940 180 .8977
1940 200 .9005
1940 220 .9037
1940 240 .9072
1940 260 .9110
1940 280 .9151
1940 300 .9178
1940 320 .9211
1940 340 .9239
1940 360 .9260
1940 380 .9282
1940 400 .9300
1940 420 .9320
1940 440 .9335
1940 460 .9350
1940 480 .9366
1940 500 .9380
1940 520 .9389
1940 540 .9400
1940 560 .9408
1940 580 .9415
1940 600 .9423
1940 620 .9428
1940 640 .9422
1940 660 .9427
1940 680 .9433
1940 700 .9440
1940 720 .9442
1940 740 .9444
1940 760 .9448
1940 780 .9448
1940 800 1.0
1960 0 1.0
1960 20 .9008
1960 40 .9304
1960 60 .9422
1960 80 1.0
1960 100 1.0
1960 120 .8868
1960 140 .8916
1960 160 .8957
1960 180 .8980
1960 200 .9008
1960 220 .9043
1960 240 .9080
1960 260 .9116
1960 280 .9147
1960 300 .9183
1960 320 .9212
1960 340 .9237
1960 360 .9263
1960 380 .9283
1960 400 .9304
1960 420 .9322
1960 440 .9340
1960 460 .9357
1960 480 .9370
1960 500 .9379
1960 520 .9391
1960 540 .9401
1960 560 .9410
1960 580 .9417
1960 600 .9422
1960 620 .9431
1960 640 .9422
1960 660 .9433
1960 680 .9433
1960 700 .9438
1960 720 .9444
1960 740 .9443
1960 760 .9444
1960 780 .9447
1960 800 1.0
1980 0 1.0
1980 20 .9005
1980 40 .9305
1980 60 .9426
1980 80 1.0
1980 100 1.0
1980 120 .8875
1980 140 .8921
1980 160 .8962
1980 180 .8982
1980 200 .9005
1980 220 .9049
1980 240 .9083
1980 260 .9114
1980 280 .9146
1980 300 .9188
1980 320 .9218
1980 340 .9237
1980 360 .9262
1980 380 .9287
1980 400 .9305
1980 420 .9322
1980 440 .9340
1980 460 .9355
1980 480 .9371
1980 500 .9383
1980 520 .9393
1980 540 .9403
1980 560 .9413
1980 580 .9419
1980 600 .9426
1980 620 .9433
1980 640 .9425
1980 660 .9430
1980 680 .9435
1980 700 .9442
1980 720 .9440
1980 740 .9444
1980 760 .9443
1980 780 .9448
1980 800 1.0
2000 0 1.0
2000 20 .9018
2000 40 .9308
2000 60 .9426
2000 80 1.0
2000 100 1.0
2000 120 .8878
2000 140 .8936
2000 160 .8968
2000 180 .8984
2000 200 .9018
2000 220 .9048
2000 240 .9085
2000 260 .9122
2000 280 .9155
2000 300 .9185
2000 320 .9221
2000 340 .9238
2000 360 .9266
2000 380 .9289
2000 400 .9308
2000 420 .9326
2000 440 .9341
2000 460 .9362
2000 480 .9369
2000 500 .9385
2000 520 .9395
2000 540 .9406
2000 560 .9413
2000 580 .9420
2000 600 .9426
2000 620 .9431
2000 640 .9429
2000 660 .9434
2000 680 .9438
2000 700 .9440
2000 720 .9444
2000 740 .9445
2000 760 .9452
2000 780 .9450
2000 800 1.0
