0 0 1.0
0 40 1.0
0 80 1.0
0 120 1.0
0 160 1.0
0 200 1.0
0 240 1.0
0 280 1.0
0 320 1.0
0 360 1.0
0 400 1.0
0 440 1.0
0 480 1.0
0 520 1.0
0 560 1.0
0 600 1.0
0 640 1.0
0 680 1.0
0 720 1.0
0 760 1.0
0 800 1.0
40 0 1.0
40 40 1.0
40 80 1.0
40 120 1.1163
40 160 1.1150
40 200 1.1147
40 240 1.1164
40 280 1.1204
40 320 1.0
40 360 1.0
40 400 1.0
40 440 1.0
40 480 1.0
40 520 1.0
40 560 1.0
40 600 1.0
40 640 1.0
40 680 1.0
40 720 1.0
40 760 1.0
40 800 1.0
80 0 1.0
80 40 1.1358
80 80 1.0
80 120 1.1179
80 160 1.1166
80 200 1.1155
80 240 1.1172
80 280 1.1215
80 320 1.1259
80 360 1.1307
80 400 1.1358
80 440 1.1401
80 480 1.0
80 520 1.0
80 560 1.0
80 600 1.0
80 640 1.0
80 680 1.0
80 720 1.0
80 760 1.0
80 800 1.0
120 0 1.0
120 40 1.1378
120 80 1.0
120 120 1.1175
120 160 1.1166
120 200 1.1160
120 240 1.1178
120 280 1.1224
120 320 1.1268
120 360 1.1317
120 400 1.1378
120 440 1.1419
120 480 1.1439
120 520 1.0
120 560 1.0
120 600 1.0
120 640 1.0
120 680 1.0
120 720 1.0
120 760 1.0
120 800 1.0
160 0 1.0
160 40 1.1392
160 80 1.0
160 120 1.1177
160 160 1.1172
160 200 1.1163
160 240 1.1189
160 280 1.1231
160 320 1.1280
160 360 1.1332
160 400 1.1392
160 440 1.1435
160 480 1.1457
160 520 1.0
160 560 1.0
160 600 1.0
160 640 1.0
160 680 1.0
160 720 1.0
160 760 1.0
160 800 1.0
200 0 1.0
200 40 1.1394
200 80 1.0
200 120 1.1182
200 160 1.1180
200 200 1.1170
200 240 1.1198
200 280 1.1241
200 320 1.1285
200 360 1.1344
200 400 1.1394
200 440 1.1447
200 480 1.1469
200 520 1.0
200 560 1.0
200 600 1.0
200 640 1.0
200 680 1.0
200 720 1.0
200 760 1.0
200 800 1.0
240 0 1.0
240 40 1.1406
240 80 1.0
240 120 1.1188
240 160 1.1184
240 200 1.1168
240 240 1.1207
240 280 1.1247
240 320 1.1294
240 360 1.1349
240 400 1.1406
240 440 1.1457
240 480 1.1480
240 520 1.0
240 560 1.0
240 600 1.0
240 640 1.0
240 680 1.0
240 720 1.0
240 760 1.0
240 800 1.0
280 0 1.0
280 40 1.1410
280 80 1.0
280 120 1.1197
280 160 1.1179
280 200 1.1173
280 240 1.1213
280 280 1.1256
280 320 1.1297
280 360 1.1359
280 400 1.1410
280 440 1.1463
280 480 1.0
280 520 1.0
280 560 1.0
280 600 1.0
280 640 1.0
280 680 1.0
280 720 1.0
280 760 1.0
280 800 1.0
320 0 1.0
320 40 1.1418
320 80 1.0
320 120 1.1211
320 160 1.1186
320 200 1.1177
320 240 1.1224
320 280 1.1263
320 320 1.1300
320 360 1.1352
320 400 1.1418
320 440 1.1463
320 480 1.0
320 520 1.0
320 560 1.0
320 600 1.0
320 640 1.0
320 680 1.0
320 720 1.0
320 760 1.0
320 800 1.0
360 0 1.0
360 40 1.1416
360 80 1.0
360 120 1.1234
360 160 1.1193
360 200 1.1193
360 240 1.1229
360 280 1.1265
360 320 1.1307
360 360 1.1362
360 400 1.1416
360 440 1.0
360 480 1.0
360 520 1.0
360 560 1.0
360 600 1.0
360 640 1.0
360 680 1.0
360 720 1.0
360 760 1.0
360 800 1.0
400 0 1.0
400 40 1.0
400 80 1.0
400 120 1.1242
400 160 1.1198
400 200 1.1201
400 240 1.1235
400 280 1.1270
400 320 1.1304
400 360 1.0
400 400 1.0
400 440 1.0
400 480 1.0
400 520 1.0
400 560 1.0
400 600 1.0
400 640 1.0
400 680 1.0
400 720 1.0
400 760 1.0
400 800 1.0
440 0 1.0
440 40 1.0
440 80 1.0
440 120 1.1252
440 160 1.1210
440 200 1.0
440 240 1.0
440 280 1.0
440 320 1.0
440 360 1.0
440 400 1.0
440 440 1.0
440 480 1.0
440 520 1.0
440 560 1.0
440 600 1.0
440 640 1.0
440 680 1.0
440 720 1.0
440 760 1.0
440 800 1.0
480 0 1.0
480 40 1.0
480 80 1.0
480 120 1.0
480 160 1.0
480 200 1.0
480 240 1.0
480 280 1.0
480 320 1.0
480 360 1.0
480 400 1.0
480 440 1.0
480 480 1.0
480 520 1.0
480 560 1.0
480 600 1.0
480 640 1.0
480 680 1.0
480 720 1.0
480 760 1.0
480 800 1.0
520 0 1.0
520 40 1.0
520 80 1.0
520 120 1.0
520 160 1.0
520 200 1.0
520 240 1.0
520 280 1.0
520 320 1.0
520 360 1.0
520 400 1.0
520 440 1.0
520 480 1.0
520 520 1.0
520 560 1.0
520 600 1.0
520 640 1.0
520 680 1.0
520 720 1.0
520 760 1.0
520 800 1.0
560 0 1.0
560 40 1.0
560 80 1.0
560 120 1.0
560 160 1.0
560 200 1.0
560 240 1.0
560 280 1.0
560 320 1.0
560 360 1.0
560 400 1.0
560 440 1.0
560 480 1.0
560 520 1.0
560 560 1.0
560 600 1.0
560 640 1.0
560 680 1.0
560 720 1.0
560 760 1.0
560 800 1.0
600 0 1.0
600 40 1.0
600 80 1.0
600 120 1.0
600 160 1.0
600 200 1.0
600 240 1.0
600 280 1.0
600 320 1.0
600 360 1.0
600 400 1.0
600 440 1.0
600 480 1.0
600 520 1.0
600 560 1.0
600 600 1.0
600 640 1.0
600 680 1.0
600 720 1.0
600 760 1.0
600 800 1.0
640 0 1.0
640 40 1.0
640 80 1.0
640 120 1.0
640 160 1.0
640 200 1.0
640 240 1.0
640 280 1.0
640 320 1.0
640 360 1.0
640 400 1.0
640 440 1.0
640 480 1.0
640 520 1.0
640 560 1.0
640 600 1.0
640 640 1.0
640 680 1.0
640 720 1.0
640 760 1.0
640 800 1.0
680 0 1.0
680 40 1.0
680 80 1.0
680 120 1.0
680 160 1.0
680 200 1.0
680 240 1.0
680 280 1.0
680 320 1.0
680 360 1.0
680 400 1.0
680 440 1.0
680 480 1.0
680 520 1.0
680 560 1.0
680 600 1.0
680 640 1.0
680 680 1.0
680 720 1.0
680 760 1.0
680 800 1.0
720 0 1.0
720 40 1.0
720 80 1.0
720 120 1.0
720 160 1.0
720 200 1.0
720 240 1.0
720 280 1.0
720 320 1.0
720 360 1.0
720 400 1.0
720 440 1.0
720 480 1.0
720 520 1.0
720 560 1.0
720 600 1.0
720 640 1.0
720 680 1.0
720 720 1.0
720 760 1.0
720 800 1.0
760 0 1.0
760 40 1.0
760 80 1.0
760 120 1.0
760 160 1.0
760 200 1.0
760 240 1.0
760 280 1.0
760 320 1.0
760 360 1.0
760 400 1.0
760 440 1.0
760 480 1.0
760 520 1.0
760 560 1.0
760 600 1.0
760 640 1.0
760 680 1.0
760 720 1.0
760 760 1.0
760 800 1.0
800 0 1.0
800 40 1.0
800 80 1.0
800 120 1.0
800 160 1.0
800 200 1.0
800 240 1.0
800 280 1.0
800 320 1.0
800 360 1.0
800 400 1.0
800 440 1.0
800 480 1.0
800 520 1.0
800 560 1.0
800 600 1.0
800 640 1.0
800 680 1.0
800 720 1.0
800 760 1.0
800 800 1.0
840 0 1.0
840 40 1.0
840 80 1.0
840 120 1.0
840 160 1.0
840 200 1.0
840 240 1.0
840 280 1.0
840 320 1.0
840 360 1.0
840 400 1.0
840 440 1.0
840 480 1.0
840 520 1.0
840 560 1.0
840 600 1.0
840 640 1.0
840 680 1.0
840 720 1.0
840 760 1.0
840 800 1.0
880 0 1.0
880 40 1.0
880 80 1.0
880 120 1.0
880 160 1.0
880 200 1.0
880 240 1.0
880 280 1.0
880 320 1.0
880 360 1.0
880 400 1.0
880 440 1.0
880 480 1.0
880 520 1.0
880 560 1.0
880 600 1.0
880 640 1.0
880 680 1.0
880 720 1.0
880 760 1.0
880 800 1.0
920 0 1.0
920 40 1.0
920 80 1.0
920 120 1.0
920 160 1.0
920 200 1.0
920 240 1.0
920 280 1.0
920 320 1.0
920 360 1.0
920 400 1.0
920 440 1.0
920 480 1.0
920 520 1.0
920 560 1.0
920 600 1.0
920 640 1.0
920 680 1.0
920 720 1.0
920 760 1.0
920 800 1.0
960 0 1.0
960 40 1.0
960 80 1.0
960 120 1.0
960 160 1.0
960 200 1.0
960 240 1.0
960 280 1.0
960 320 1.0
960 360 1.0
960 400 1.0
960 440 1.0
960 480 1.0
960 520 1.0
960 560 1.0
960 600 1.0
960 640 1.0
960 680 1.0
960 720 1.0
960 760 1.0
960 800 1.0
1000 0 1.0
1000 40 1.0
1000 80 1.0
1000 120 1.0
1000 160 1.0
1000 200 1.0
1000 240 1.0
1000 280 1.0
1000 320 1.0
1000 360 1.0
1000 400 1.0
1000 440 1.0
1000 480 1.0
1000 520 1.0
1000 560 1.0
1000 600 1.0
1000 640 1.0
1000 680 1.0
1000 720 1.0
1000 760 1.0
1000 800 1.0
1040 0 1.0
1040 40 1.0
1040 80 1.0
1040 120 1.0
1040 160 1.0
1040 200 1.0
1040 240 1.0
1040 280 1.0
1040 320 1.0
1040 360 1.0
1040 400 1.0
1040 440 1.0
1040 480 1.0
1040 520 1.0
1040 560 1.0
1040 600 1.0
1040 640 1.0
1040 680 1.0
1040 720 1.0
1040 760 1.0
1040 800 1.0
1080 0 1.0
1080 40 1.0
1080 80 1.0
1080 120 1.0
1080 160 1.0
1080 200 1.0
1080 240 1.0
1080 280 1.0
1080 320 1.0
1080 360 1.0
1080 400 1.0
1080 440 1.0
1080 480 1.0
1080 520 1.0
1080 560 1.0
1080 600 1.0
1080 640 1.0
1080 680 1.0
1080 720 1.0
1080 760 1.0
1080 800 1.0
1120 0 1.0
1120 40 1.0
1120 80 1.0
1120 120 1.0
1120 160 1.0
1120 200 1.0
1120 240 1.0
1120 280 1.0
1120 320 1.0
1120 360 1.0
1120 400 1.0
1120 440 1.0
1120 480 1.0
1120 520 1.0
1120 560 1.0
1120 600 1.0
1120 640 1.0
1120 680 1.0
1120 720 1.0
1120 760 1.0
1120 800 1.0
1160 0 1.0
1160 40 1.0
1160 80 1.0
1160 120 1.0
1160 160 1.0
1160 200 1.0
1160 240 1.0
1160 280 1.0
1160 320 1.0
1160 360 1.0
1160 400 1.0
1160 440 1.0
1160 480 1.0
1160 520 1.0
1160 560 1.0
1160 600 1.0
1160 640 1.0
1160 680 1.0
1160 720 1.0
1160 760 1.0
1160 800 1.0
1200 0 1.0
1200 40 1.0
1200 80 1.0
1200 120 1.0
1200 160 1.0
1200 200 1.0
1200 240 1.0
1200 280 1.0
1200 320 1.0
1200 360 1.0
1200 400 1.0
1200 440 1.0
1200 480 1.0
1200 520 1.0
1200 560 1.0
1200 600 1.0
1200 640 1.0
1200 680 1.0
1200 720 1.0
1200 760 1.0
1200 800 1.0
1240 0 1.0
1240 40 1.0
1240 80 1.0
1240 120 1.0
1240 160 1.0
1240 200 1.0
1240 240 1.0
1240 280 1.0
1240 320 1.0
1240 360 1.0
1240 400 1.0
1240 440 1.0
1240 480 1.0
1240 520 1.0
1240 560 1.0
1240 600 1.0
1240 640 1.0
1240 680 1.0
1240 720 1.0
1240 760 1.0
1240 800 1.0
1280 0 1.0
1280 40 1.0
1280 80 1.0
1280 120 1.0
1280 160 1.0
1280 200 1.0
1280 240 1.0
1280 280 1.0
1280 320 1.0
1280 360 1.0
1280 400 1.0
1280 440 1.0
1280 480 1.0
1280 520 1.0
1280 560 1.0
1280 600 1.0
1280 640 1.0
1280 680 1.0
1280 720 1.0
1280 760 1.0
1280 800 1.0
1320 0 1.0
1320 40 1.0
1320 80 1.0
1320 120 1.0
1320 160 1.0
1320 200 1.0
1320 240 1.0
1320 280 1.0
1320 320 1.0
1320 360 1.0
1320 400 1.0
1320 440 1.0
1320 480 1.0
1320 520 1.0
1320 560 1.0
1320 600 1.0
1320 640 1.0
1320 680 1.0
1320 720 1.0
1320 760 1.0
1320 800 1.0
1360 0 1.0
1360 40 1.0
1360 80 1.0
1360 120 1.0
1360 160 1.0
1360 200 1.0
1360 240 1.0
1360 280 1.0
1360 320 1.0
1360 360 1.0
1360 400 1.0
1360 440 1.0
1360 480 1.0
1360 520 1.0
1360 560 1.0
1360 600 1.0
1360 640 1.0
1360 680 1.0
1360 720 1.0
1360 760 1.0
1360 800 1.0
1400 0 1.0
1400 40 1.0
1400 80 1.0
1400 120 1.0
1400 160 1.0
1400 200 1.0
1400 240 1.0
1400 280 1.0
1400 320 1.0
1400 360 1.0
1400 400 1.0
1400 440 1.0
1400 480 1.0
1400 520 1.0
1400 560 1.0
1400 600 1.0
1400 640 1.0
1400 680 1.0
1400 720 1.0
1400 760 1.0
1400 800 1.0
1440 0 1.0
1440 40 1.0
1440 80 1.0
1440 120 1.0
1440 160 1.0
1440 200 1.0
1440 240 1.0
1440 280 1.0
1440 320 1.0
1440 360 1.0
1440 400 1.0
1440 440 1.0
1440 480 1.0
1440 520 1.0
1440 560 1.0
1440 600 1.0
1440 640 1.0
1440 680 1.0
1440 720 1.0
1440 760 1.0
1440 800 1.0
1480 0 1.0
1480 40 1.0
1480 80 1.0
1480 120 1.0
1480 160 1.0
1480 200 1.0
1480 240 1.0
1480 280 1.0
1480 320 1.0
1480 360 1.0
1480 400 1.0
1480 440 1.0
1480 480 1.0
1480 520 1.0
1480 560 1.0
1480 600 1.0
1480 640 1.0
1480 680 1.0
1480 720 1.0
1480 760 1.0
1480 800 1.0
1520 0 1.0
1520 40 1.0
1520 80 1.0
1520 120 1.0
1520 160 1.0
1520 200 1.0
1520 240 1.0
1520 280 1.0
1520 320 1.0
1520 360 1.0
1520 400 1.0
1520 440 1.0
1520 480 1.0
1520 520 1.0
1520 560 1.0
1520 600 1.0
1520 640 1.0
1520 680 1.0
1520 720 1.0
1520 760 1.0
1520 800 1.0
1560 0 1.0
1560 40 1.0
1560 80 1.0
1560 120 1.0
1560 160 1.0
1560 200 1.0
1560 240 1.0
1560 280 1.0
1560 320 1.0
1560 360 1.0
1560 400 1.0
1560 440 1.0
1560 480 1.0
1560 520 1.0
1560 560 1.0
1560 600 1.0
1560 640 1.0
1560 680 1.0
1560 720 1.0
1560 760 1.0
1560 800 1.0
1600 0 1.0
1600 40 1.0
1600 80 1.0
1600 120 1.0
1600 160 1.0
1600 200 1.0
1600 240 1.0
1600 280 1.0
1600 320 1.0
1600 360 1.0
1600 400 1.0
1600 440 1.0
1600 480 1.0
1600 520 1.0
1600 560 1.0
1600 600 1.0
1600 640 1.0
1600 680 1.0
1600 720 1.0
1600 760 1.0
1600 800 1.0
1640 0 1.0
1640 40 1.0
1640 80 1.0
1640 120 1.0
1640 160 1.0
1640 200 1.0
1640 240 1.0
1640 280 1.0
1640 320 1.0
1640 360 1.0
1640 400 1.0
1640 440 1.0
1640 480 1.0
1640 520 1.0
1640 560 1.0
1640 600 1.0
1640 640 1.0
1640 680 1.0
1640 720 1.0
1640 760 1.0
1640 800 1.0
1680 0 1.0
1680 40 1.0
1680 80 1.0
1680 120 1.0
1680 160 1.0
1680 200 1.0
1680 240 1.0
1680 280 1.0
1680 320 1.0
1680 360 1.0
1680 400 1.0
1680 440 1.0
1680 480 1.0
1680 520 1.0
1680 560 1.0
1680 600 1.0
1680 640 1.0
1680 680 1.0
1680 720 1.0
1680 760 1.0
1680 800 1.0
1720 0 1.0
1720 40 1.0
1720 80 1.0
1720 120 1.0
1720 160 1.0
1720 200 1.0
1720 240 1.0
1720 280 1.0
1720 320 1.0
1720 360 1.0
1720 400 1.0
1720 440 1.0
1720 480 1.0
1720 520 1.0
1720 560 1.0
1720 600 1.0
1720 640 1.0
1720 680 1.0
1720 720 1.0
1720 760 1.0
1720 800 1.0
1760 0 1.0
1760 40 1.0
1760 80 1.0
1760 120 1.0
1760 160 1.0
1760 200 1.0
1760 240 1.0
1760 280 1.0
1760 320 1.0
1760 360 1.0
1760 400 1.0
1760 440 1.0
1760 480 1.0
1760 520 1.0
1760 560 1.0
1760 600 1.0
1760 640 1.0
1760 680 1.0
1760 720 1.0
1760 760 1.0
1760 800 1.0
1800 0 1.0
1800 40 1.0
1800 80 1.0
1800 120 1.0
1800 160 1.0
1800 200 1.0
1800 240 1.0
1800 280 1.0
1800 320 1.0
1800 360 1.0
1800 400 1.0
1800 440 1.0
1800 480 1.0
1800 520 1.0
1800 560 1.0
1800 600 1.0
1800 640 1.0
1800 680 1.0
1800 720 1.0
1800 760 1.0
1800 800 1.0
1840 0 1.0
1840 40 1.0
1840 80 1.0
1840 120 1.0
1840 160 1.0
1840 200 1.0
1840 240 1.0
1840 280 1.0
1840 320 1.0
1840 360 1.0
1840 400 1.0
1840 440 1.0
1840 480 1.0
1840 520 1.0
1840 560 1.0
1840 600 1.0
1840 640 1.0
1840 680 1.0
1840 720 1.0
1840 760 1.0
1840 800 1.0
1880 0 1.0
1880 40 1.0
1880 80 1.0
1880 120 1.0
1880 160 1.0
1880 200 1.0
1880 240 1.0
1880 280 1.0
1880 320 1.0
1880 360 1.0
1880 400 1.0
1880 440 1.0
1880 480 1.0
1880 520 1.0
1880 560 1.0
1880 600 1.0
1880 640 1.0
1880 680 1.0
1880 720 1.0
1880 760 1.0
1880 800 1.0
1920 0 1.0
1920 40 1.0
1920 80 1.0
1920 120 1.0
1920 160 1.0
1920 200 1.0
1920 240 1.0
1920 280 1.0
1920 320 1.0
1920 360 1.0
1920 400 1.0
1920 440 1.0
1920 480 1.0
1920 520 1.0
1920 560 1.0
1920 600 1.0
1920 640 1.0
1920 680 1.0
1920 720 1.0
1920 760 1.0
1920 800 1.0
1960 0 1.0
1960 40 1.0
1960 80 1.0
1960 120 1.0
1960 160 1.0
1960 200 1.0
1960 240 1.0
1960 280 1.0
1960 320 1.0
1960 360 1.0
1960 400 1.0
1960 440 1.0
1960 480 1.0
1960 520 1.0
1960 560 1.0
1960 600 1.0
1960 640 1.0
1960 680 1.0
1960 720 1.0
1960 760 1.0
1960 800 1.0
2000 0 1.0
2000 40 1.0
2000 80 1.0
2000 120 1.0
2000 160 1.0
2000 200 1.0
2000 240 1.0
2000 280 1.0
2000 320 1.0
2000 360 1.0
2000 400 1.0
2000 440 1.0
2000 480 1.0
2000 520 1.0
2000 560 1.0
2000 600 1.0
2000 640 1.0
2000 680 1.0
2000 720 1.0
2000 760 1.0
2000 800 1.0
