0 0	0	0	0	0	0	0
0 40	0	0	0	0	0	0
0 80	0	0	0	0	0	0
0 120	101.116	69.3992	0	0	0	0
0 160	0	8.93857	0	0	0	0
0 200	0	0	0	0	0	0
0 240	0	0	0	0	0	0
0 280	0	0	0	0	0	0
0 320	0	0	0	0	0	0
0 360	0	0	0	0	0	0
0 400	0	0	0	0	0	0
0 440	0	0	0	0	0	0
0 480	0	0	0	0	0	0
0 520	0	0	0	0	0	0
0 560	0	0	0	0	0	0
0 600	0	0	0	0	0	0
0 640	0	0	0	0	0	0
0 680	0	0	0	0	0	0
0 720	0	0	0	0	0	0
0 760	0	0	0	0	0	0
40 0	0	0	0	0	0	0
40 40	0	0	0	0	0	0
40 80	0	0	0	0	0	0
40 120	99.3252	26.9632	0	44.5381	0	0
40 160	0	0	13.3461	38.6023	0	0
40 200	10.8224	4.85888	3.15929	4.76606	0	3.94829
40 240	4.43714	0	3.13555	1.90881	7.03729	0.751251
40 280	2.85032	1.72621	1.12411	1.12411	0.301048	1.15194
40 320	0.36182	1.69113	2.5618	1.37239	0	2.59962
40 360	0	0	0	0	0	0
40 400	0	0	0	0	0	0
40 440	0	0	0	0	0	0
40 480	0	0	0	0	0	0
40 520	0	0	0	0	0	0
40 560	0	0	0	0	0	0
40 600	0	0	0	0	0	0
40 640	0	0	0	0	0	0
40 680	0	0	0	0	0	0
40 720	0	0	0	0	0	0
40 760	0	0	0	0	0	0
80 0	0	0	0	0	0	0
80 40	0	0	0	0	0	0
80 80	0	0	0	0	0	0
80 120	55.7859	0	0	68.2386	28.2244	48.6306
80 160	0	23.2623	8.10606	14.653	0	16.1056
80 200	0	0	18.8495	2.74152	4.76295	0
80 240	3.51218	0	0	0	1.86515	0
80 280	0.587078	0	0.961264	6.20509	0.860055	0
80 320	0.532604	0.540845	0.55291	0.769218	0.312529	0.637123
80 360	2.37393	0.913901	1.85274	1.11978	0.560298	1.57449
80 400	0.624701	0.710741	1.65528	0.618807	0.949154	1.31878
80 440	0.410484	0.236786	0.975799	0.251099	0.286937	1.67339
80 480	0.284641	0.328916	0.962351	0.228579	0.100406	0.960399
80 520	0.102242	0.136624	0.187472	0.148913	0.117373	0.243963
80 560	0	0	0	0	0	0
80 600	0	0	0	0	0	0
80 640	0	0	0	0	0	0
80 680	0	0	0	0	0	0
80 720	0	0	0	0	0	0
80 760	0	0	0	0	0	0
120 0	0	0	0	0	0	0
120 40	0	0	0	0	0	0
120 80	0	0	0	0	0	0
120 120	54.9269	51.0847	24.9771	0	0	0
120 160	0	34.5455	35.9348	28.191	7.2928	7.49045
120 200	17.5778	2.59485	8.20324	2.59485	0	5.59944
120 240	8.31786	5.73996	1.17389	3.61683	6.79728	1.17389
120 280	6.93557	3.27109	4.24654	4.47377	1.07404	3.97593
120 320	2.31132	2.13523	1.16609	3.56641	0.56882	1.153
120 360	0.846477	0.8057	1.6201	1.09297	1.2861	1.53761
120 400	0.481214	0.799083	1.22319	0.719547	1.05208	1.53349
120 440	0.585034	0.436838	1.21455	1.79837	1.41542	2.00207
120 480	0.385851	0.357732	1.28664	0.338348	0.326853	1.27519
120 520	0.29049	0.250558	0.997999	0.266749	0.187978	0.689137
120 560	0.171162	0.177721	1.11197	0.250545	0.138956	0.506868
120 600	0.0801468	0.11286	0.412333	0.101772	0.0942047	0.469807
120 640	0	0.0109564	0.0819792	0.0074585	0.0104936	0.0620146
120 680	0	0.00660238	0.0756032	0.025347	0.00916011	0.0487718
120 720	0	0	0	0	0	0
120 760	0	0	0	0	0	0
160 0	0	0	0	0	0	0
160 40	0	0	0	0	0	0
160 80	0	0	0	0	0	281.821
160 120	0	0	23.3412	21.3345	49.7172	0
160 160	24.9901	6.73678	0	6.73678	0	6.98112
160 200	11.5798	6.84673	15.0793	19.2033	2.68497	2.68497
160 240	6.20633	5.10813	3.99007	15.1408	7.99358	2.89283
160 280	3.71696	0	0	0	1.85848	3.71696
160 320	3.77184	0.736725	2.59658	0.591606	0.539523	0.933927
160 360	0.567671	0.678549	1.44757	0.787641	0.372712	0.325875
160 400	0.337923	0.0958274	0.262397	0.191655	0.554797	0.261234
160 440	0.108564	0.395743	0.413655	0.329338	0.210439	0.551922
160 480	0.152998	0.0353512	0.340469	0.124313	0.128515	0.28778
160 520	0.098404	0.0612401	0.324051	0.0840929	0.0540482	0.337879
160 560	0.0879697	0.0624858	0.20539	0.0692572	0.158208	0.428064
160 600	0.0726174	0.0606372	0.332913	0.0779393	0.0617124	0.313159
160 640	0.0590451	0.0535833	0.251679	0.0542875	0.0429153	0.252627
160 680	0.038559	0.0325902	0.15432	0.0376333	0.0199925	0.0916735
160 720	0.025936	0.0149053	0.108146	0.0126401	0.0194663	0.0949127
160 760	0.00582215	0.00105827	0.032403	0.00104015	0.00104015	0.0297058
200 0	0	0	0	0	0	0
200 40	0	0	0	0	0	0
200 80	0	0	0	196.111	0	0
200 120	44.8459	0	0	0	0	0
200 160	7.76989	11.3691	0	22.4569	0	12.8299
200 200	2.4753	2.4753	2.4753	6.38031	4.67363	0
200 240	2.10507	3.27855	4.63317	8.20207	3.68207	4.04207
200 280	3.17808	3.56496	0.911385	2.82095	2.14829	2.07196
200 320	3.30027	2.83216	3.49863	6.07079	1.59429	4.34948
200 360	1.03295	1.38049	1.95443	0.659144	1.64142	1.78692
200 400	0.910288	1.50808	2.6796	1.02288	1.18186	1.26723
200 440	0.879614	0.401447	0.781293	0.542121	0.669663	0.97023
200 480	0.342262	0.511623	0.765512	0.351923	0.212555	0.695014
200 520	0.143331	0.184583	0.628328	0.0825176	0.0618097	0.356429
200 560	0.131259	0.0889653	0.276447	0.0400126	0.0387787	0.433205
200 600	0.045362	0.0622625	0.383059	0.046515	0.0791472	0.430206
200 640	0.0345614	0.0471136	0.272723	0.0205505	0.0409109	0.240767
200 680	0.0106696	0.0232936	0.164823	0.00566597	0.0122688	0.179735
200 720	0.00850374	0.0078581	0.0713183	0.0098875	0.0046342	0.0831952
200 760	0.00421221	0.000951312	0.018191	0.00750302	0.00329081	0.0262877
240 0	0	0	0	0	0	0
240 40	0	0	0	0	0	0
240 80	0	0	0	123.019	0	0
240 120	0	44.7838	54.6852	0	0	0
240 160	25.8686	0	0	21.796	12.4149	23.454
240 200	19.8822	3.44816	3.44816	22.4167	5.56555	2.24715
240 240	10.3586	12.8929	2.5184	7.18398	2.58876	5.38548
240 280	6.66559	4.98431	5.28455	5.60424	2.46701	5.00702
240 320	3.99756	3.40339	4.49421	2.54682	0.720717	4.50221
240 360	1.87319	1.95068	2.17187	3.36578	1.9512	2.82341
240 400	1.4789	2.35008	2.74415	0.604624	1.36633	1.93443
240 440	0.822486	0.670479	1.65957	0.723023	0.474065	1.21274
240 480	0.367605	0.361331	0.755673	0.338767	0.310174	0.571978
240 520	0.182059	0.127216	0.510438	0.0846949	0.10862	0.241374
240 560	0.142707	0.0866436	0.240444	0.0637777	0.117937	0.35113
240 600	0.0691142	0.135754	0.168628	0.0544796	0.0397263	0.201505
240 640	0.026107	0.0216745	0.18225	0.0268834	0.0370697	0.150888
240 680	0.0265237	0.0265914	0.173465	0.0100908	0.0101662	0.134235
240 720	0.0147129	0.0124336	0.0674785	0	0.0115298	0.0801995
240 760	0.00603337	0.00180354	0.0313668	0.00168295	0.000858157	0.0249676
280 0	0	0	0	0	0	0
280 40	0	0	0	0	0	0
280 80	0	0	0	0	0	0
280 120	0	0	0	0	60.6412	25.4709
280 160	121.718	21.3777	7.98666	31.8571	26.1884	0
280 200	8.4288	13.103	6.87494	5.35035	4.77522	15.1036
280 240	2.25997	6.47358	1.36676	9.6275	8.8489	6.96308
280 280	10.2747	0.925326	5.46903	9.29801	4.91735	6.26661
280 320	3.62002	3.25076	3.50855	2.46666	2.33099	2.60161
280 360	3.76336	2.59087	2.05388	2.38476	1.9537	2.68668
280 400	2.22566	1.24311	2.34214	1.21122	0.834218	2.08847
280 440	1.14469	1.17082	1.28273	1.02487	0.871567	1.303
280 480	0.412674	0.300426	1.03995	0.354264	0.518395	1.18921
280 520	0.349554	0.301995	0.492354	0.196155	0.299623	0.662833
280 560	0.0616927	0.161924	0.444771	0.109674	0.16461	0.295987
280 600	0.0798451	0.0934654	0.235615	0.0877658	0.0691786	0.147715
280 640	0.0383137	0.0210522	0.0890883	0.0276187	0.0319928	0.159825
280 680	0.0129968	0.0180947	0.0761133	0.013529	0.0265135	0.0625735
280 720	0.0115935	0.0158055	0.0468135	0.00319153	0.0108611	0.058194
280 760	0.00081807	0.00081807	0.012625	0.00163614	0.00437694	0.009379
320 0	0	0	0	0	0	0
320 40	0	0	0	3607.55	0	0
320 80	46.8239	0	0	85.5938	0	0
320 120	26.3032	13.7397	14.3535	14.4451	0	0
320 160	41.1396	12.5749	2.30432	38.1987	21.727	0
320 200	19.1034	18.7284	9.5029	14.5547	10.079	9.83715
320 240	14.3841	5.29221	3.06048	7.5212	8.80715	4.80251
320 280	7.08228	3.62908	5.64832	7.40513	4.50394	5.80609
320 320	4.34501	3.18589	4.50575	5.51035	2.12673	3.07366
320 360	2.38408	1.49597	2.92202	2.52875	0.960506	2.85612
320 400	2.05618	0.976508	2.85617	1.11777	1.79761	2.03437
320 440	0.703562	0.619074	1.74034	0.743989	0.727827	1.53279
320 480	0.44572	0.364941	1.03612	0.413745	0.490699	0.945308
320 520	0.192066	0.269776	0.765683	0.165674	0.269082	0.66629
320 560	0.166139	0.0975482	0.365669	0.0947439	0.121791	0.294944
320 600	0.0601401	0.0894412	0.202877	0.0854624	0.0142171	0.340044
320 640	0.0285256	0.0302101	0.115218	0.0261618	0.048768	0.177457
320 680	0.0230276	0.0165882	0.0705762	0.0185474	0.0233998	0.0776499
320 720	0.00747936	0.0114744	0.0418277	0.00371202	0.0179252	0.0441545
320 760	0.000739247	0.00295699	0.0145429	0.00334542	0.0129008	0.0287244
360 0	0	0	0	0	0	0
360 40	0	0	0	0	0	0
360 80	100.651	0	0	0	0	0
360 120	0	0	0	25.4188	12.7094	32.7794
360 160	14.4447	12.0547	7.62198	40.3541	0	6.82274
360 200	8.6443	3.73657	0	12.3906	7.4958	2.56988
360 240	7.22452	4.05425	3.35345	5.06172	3.12267	3.1049
360 280	4.77817	0.384807	3.93868	4.63634	2.98006	2.46381
360 320	5.66737	3.48845	3.01747	4.23836	2.64391	4.77996
360 360	2.80659	2.04377	2.87823	2.27211	1.80655	2.77066
360 400	1.152	1.05979	1.35719	1.02826	0.809813	1.54588
360 440	1.10354	0.596224	1.46448	0.556967	0.556723	1.43645
360 480	0.744731	0.48267	1.09948	0.401259	0.495515	0.834888
360 520	0.231493	0.185309	0.659706	0.167758	0.202134	0.448322
360 560	0.0975843	0.114949	0.362678	0.0757438	0.0952207	0.409383
360 600	0.0369079	0.0307175	0.302987	0.0667551	0.0947995	0.249134
360 640	0.0217835	0.0341737	0.10925	0.0446796	0.0905944	0.138363
360 680	0.0107439	0.0259575	0.0557245	0.0199316	0.0152877	0.0791953
360 720	0.00814147	0.00563152	0.0356144	0.0066568	0.00404422	0.0437077
360 760	0	0	0.024259	0	0	0.0128128
400 0	0	0	0	0	0	0
400 40	0	0	0	0	0	0
400 80	0	0	0	68.0162	0	158.664
400 120	44.2885	10.8197	0	10.8197	0	0
400 160	26.7517	28.2982	3.36265	16.6573	3.62081	7.17443
400 200	13.695	7.87175	8.4961	17.5283	8.3162	13.1403
400 240	10.7956	8.5919	6.66152	11.1879	3.80379	10.4569
400 280	9.58746	6.06472	4.82196	7.94031	3.40397	7.54972
400 320	4.59079	4.05707	4.06141	6.17874	2.28868	2.67314
400 360	2.25313	2.11541	2.39651	2.14317	1.98146	2.28511
400 400	1.19473	1.01444	1.39052	1.52553	0.912156	1.50269
400 440	0.441656	0.487016	1.06464	0.606081	0.616285	0.978619
400 480	0.353315	0.273021	0.809347	0.440812	0.510593	1.17796
400 520	0.14993	0.250515	0.692166	0.270218	0.223876	0.533859
400 560	0.0520548	0.0812684	0.14806	0.0473815	0.0337643	0.156392
400 600	0.100531	0.0515739	0.162495	0.0542556	0.101439	0.247035
400 640	0.031323	0.0345018	0.146352	0.0272587	0.0363766	0.145286
400 680	0.0144839	0.0108749	0.0704866	0.0157454	0.0351455	0.0918026
400 720	0.0157723	0.0082172	0.0455388	0.00594203	0.00976501	0.0411879
400 760	0.00235846	0.00116543	0.0140787	0.00204246	0.00167945	0.0188929
440 0	0	0	0	0	0	0
440 40	0	0	0	0	0	0
440 80	0	0	0	0	0	0
440 120	39.5337	9.91605	10.6341	10.9762	55.1645	0
440 160	30.4461	23.8355	10.4612	29.6587	16.384	12.3878
440 200	19.4837	13.1854	4.17683	18.8972	4.98288	5.9756
440 240	19.4644	7.9761	6.34251	13.1769	5.42629	3.65373
440 280	9.85897	5.53297	4.71764	4.20587	5.93245	6.03164
440 320	3.92325	0.966987	1.63923	1.16022	1.48901	3.29413
440 360	0.797198	0.674569	0.931044	1.40894	1.24192	1.31175
440 400	0.517942	0.248931	0.972372	0.794203	0.471796	0.594751
440 440	0.174566	0.284023	0.374206	0.378403	0.35728	0.799195
440 480	0.20591	0.123862	0.536925	0.163071	0.226075	0.486394
440 520	0.0790095	0.15485	0.250912	0.12055	0.192737	0.179748
440 560	0.0615711	0.0430705	0.184239	0.0705656	0.0772476	0.221269
440 600	0.0199466	0.0176611	0.184141	0.00991668	0.0228465	0.127073
440 640	0.00515892	0.0241098	0.0834088	0.0296511	0.0400475	0.0666942
440 680	0.006191	0.00807085	0.042731	0.0101641	0.00622619	0.0520358
440 720	0.00553439	0.00345362	0.0304753	0.00176962	0.00807895	0.0174998
440 760	0	0.00123072	0.0146646	0	0.00105959	0.0084992
480 0	0	0	0	0	0	0
480 40	0	0	0	0	0	0
480 80	0	0	0	0	0	0
480 120	56.3143	0	0	19.0245	20.1113	0
480 160	18.6039	25.991	0	28.485	0	18.137
480 200	18.4456	8.15457	7.55773	25.0951	12.4031	8.639
480 240	19.601	9.16368	5.41094	13.0949	6.31534	6.98447
480 280	6.29682	6.30698	7.4804	6.20481	5.52802	7.19634
480 320	3.35032	3.67219	3.75812	4.12663	2.66861	3.52641
480 360	2.74516	1.69048	2.49664	1.82501	1.33972	2.93481
480 400	0.909925	1.08442	1.87336	1.287	1.5481	1.5984
480 440	0.802153	0.41973	0.756931	0.729147	0.316867	1.18507
480 480	0.477476	0.203694	0.937438	0.475488	0.415416	0.588232
480 520	0.277476	0.232526	0.569552	0.164712	0.153563	0.437257
480 560	0.0808701	0.0704523	0.379486	0.0917843	0.0597784	0.381915
480 600	0.0570475	0.0593689	0.224171	0.0433505	0.0651607	0.176597
480 640	0.0118185	0.0286733	0.157718	0.0506917	0.0329452	0.12978
480 680	0.0141306	0.0146457	0.133518	0.019345	0.00855486	0.0656196
480 720	0.00181359	0.00100461	0.0415798	0.0137849	0.0122229	0.030044
480 760	0	0	0	0	0	0
520 0	0	0	0	0	0	0
520 40	0	0	0	0	0	0
520 80	68.6977	0	0	0	0	0
520 120	17.7624	18.0928	0	12.0317	0	0
520 160	29.3662	2.82015	0	21.8263	0	4.88913
520 200	16.6139	10.0354	8.14322	21.226	9.88888	8.08777
520 240	14.9528	7.56761	4.79771	13.3058	11.0261	6.7436
520 280	8.57589	4.34345	5.07035	7.9263	6.98658	3.94314
520 320	3.83888	3.67073	3.15781	2.32388	2.66807	3.92416
520 360	2.26653	1.61884	2.14046	2.22243	1.66339	2.53101
520 400	1.87605	1.17526	2.10285	1.01393	0.626443	1.6078
520 440	1.11727	0.617046	1.05401	0.649063	0.50257	1.304
520 480	0.324674	0.235918	1.0315	0.270211	0.393787	0.757089
520 520	0.255418	0.0946838	0.361497	0.0555412	0.135553	0.248597
520 560	0.0772281	0.0375591	0.17466	0.104213	0.124511	0.285799
520 600	0.0286824	0.0275296	0.0883449	0.0100372	0.0265855	0.0942401
520 640	0.0273543	0.0307182	0.0999358	0.0132192	0.0299639	0.0669726
520 680	0.00732872	0.00363861	0.0338071	0.00575021	0.00917751	0.03042
520 720	0.0160411	0.00672174	0.0360473	0.00647084	0.00936268	0.0426983
520 760	0.000550289	0.000603335	0.00544103	0.00236254	0.000603335	0.00598255
560 0	0	0	0	0	0	0
560 40	0	0	0	0	0	0
560 80	0	0	0	0	0	0
560 120	25.0878	0	27.0819	11.6082	0	0
560 160	31.957	15.3574	4.50738	10.0734	11.4774	0
560 200	25.0685	11.5653	16.9875	15.2386	10.8408	5.733
560 240	10.7042	10.883	3.21536	9.85702	7.44686	2.82317
560 280	13.1261	6.64613	4.82749	9.95436	5.56386	5.48501
560 320	5.55946	5.29034	4.2831	5.89522	3.96493	2.74348
560 360	1.28178	2.44848	2.2573	1.80406	1.71023	2.2648
560 400	1.51323	0.956902	1.78467	1.24751	0.782763	1.44572
560 440	0.524225	0.438321	1.00315	0.497349	0.553049	0.866939
560 480	0.548565	0.344413	0.807505	0.279105	0.293355	0.681488
560 520	0.218702	0.131673	0.429343	0.255549	0.140531	0.329578
560 560	0.0250661	0.0502591	0.083871	0.0451764	0.0272522	0.180786
560 600	0.0258444	0.0158963	0.0793214	0.0390904	0.0190964	0.0588527
560 640	0.0478859	0.0331076	0.126141	0.023673	0.0417317	0.0988274
560 680	0.0222408	0.00438065	0.0623687	0.0128226	0.0147248	0.070146
560 720	0.0102151	0.0125934	0.0564717	0.010073	0.00476652	0.0387567
560 760	0.000592798	0.00185617	0.0223771	0.00175229	0.00178387	0.00722439
600 0	0	0	0	0	0	0
600 40	0	0	0	0	0	0
600 80	287.758	0	0	0	0	0
600 120	24.8816	0	0	16.4211	0	0
600 160	23.4798	4.03429	2.52687	14.0524	3.61008	7.99094
600 200	22.3787	2.42225	5.92281	17.7924	18.8223	1.0474
600 240	14.4729	11.8838	8.21048	12.4566	6.27733	4.39286
600 280	12.0915	5.16245	5.09034	10.2788	3.13181	3.90993
600 320	4.29141	3.55511	2.49475	4.26334	1.78396	2.63236
600 360	1.92067	1.22302	1.90809	1.646	1.33004	2.18216
600 400	1.13897	0.714555	1.69809	0.843267	1.09905	1.57542
600 440	0.624584	0.568979	1.46947	0.418778	0.687309	1.00683
600 480	0.367593	0.240764	1.05328	0.274792	0.220368	0.788693
600 520	0.230337	0.200935	0.440004	0.192829	0.146035	0.407081
600 560	0.0457973	0.0508961	0.194234	0.0545261	0.0420213	0.175553
600 600	0.0202727	0.00958155	0.163409	0.0233729	0.0524404	0.10501
600 640	0.0110714	0.0155429	0.0931869	0.0278526	0.0105544	0.0611335
600 680	0.0133775	0.0117585	0.0442824	0.0200224	0.00588356	0.0419259
600 720	0.00443895	0.0103965	0.029486	0.00447076	0.0022209	0.038509
600 760	0.00297565	0.000585964	0.0168901	0.00185489	0.00246498	0.0147724
640 0	0	0	0	0	0	0
640 40	0	0	0	0	0	0
640 80	0	679.614	82.1486	0	0	0
640 120	0	6.30596	0	0	0	0
640 160	21.7803	6.19007	0	11.1841	4.71817	4.13307
640 200	13.9036	6.68568	1.75113	19.5937	10.5773	14.2057
640 240	20.106	6.14562	8.79446	19.2565	9.59684	6.34342
640 280	9.97793	4.91419	6.10442	9.78642	5.88494	4.45724
640 320	4.27558	1.804	1.73217	2.71512	2.23739	2.17846
640 360	2.36165	2.60518	3.14043	2.13594	1.73779	1.71539
640 400	1.45603	0.741575	1.6003	1.45892	0.847506	1.32502
640 440	0.360881	0.310027	0.760026	0.404196	0.403656	0.721149
640 480	0.37894	0.248921	0.446072	0.276548	0.324614	0.709544
640 520	0.119123	0.0883643	0.266297	0.0207392	0.0636682	0.220287
640 560	0.0866701	0.0586216	0.167652	0.0599024	0.0275265	0.185726
640 600	0.00763132	0.0104685	0.0839899	0.00479418	0.0174421	0.0526262
640 640	0.014306	0.00198432	0.0272438	0.0261098	0.0332165	0.0235341
640 680	0.00992926	0.0137435	0.0424882	0.00209078	0.0102184	0.0255784
640 720	0.00508905	0.00103169	0.0106394	0.00619651	0.00412995	0.0136566
640 760	0.00059231	0.0005203	0.0196301	0.00312946	0.00492198	0.0108178
680 0	0	0	0	0	0	0
680 40	0	0	0	0	0	0
680 80	0	47.8101	0	43.4661	43.4661	0
680 120	21.1867	13.0578	27.2981	43.8844	0	19.9932
680 160	17.309	13.5352	9.61082	12.386	3.31385	6.36196
680 200	17.4532	12.1815	4.10202	13.8876	3.46381	4.66462
680 240	17.0901	5.11389	7.48966	17.6147	7.85282	4.25191
680 280	10.1897	8.21494	4.59073	14.111	6.05567	5.06097
680 320	7.75381	3.22775	2.77751	4.63779	2.97841	2.24176
680 360	2.41692	1.47343	2.13432	2.20786	2.03014	2.38353
680 400	1.41366	0.86503	1.77985	0.714205	0.573665	1.33331
680 440	0.178405	0.423293	0.849919	0.406436	0.330058	0.602256
680 480	0.26487	0.331152	0.565406	0.322545	0.256902	0.654534
680 520	0.0590596	0.129686	0.486082	0.165299	0.22155	0.402414
680 560	0.0508734	0.0640191	0.282494	0.0410963	0.04891	0.137426
680 600	0.063225	0.0550169	0.131357	0.0379018	0.029209	0.14021
680 640	0.0200875	0.0158366	0.0807085	0.0141514	0.01048	0.0654568
680 680	0.00875279	0.00440237	0.0539947	0.00805434	0.00493965	0.0371044
680 720	0.000666814	0.00883892	0.0453017	0.0174776	0.00366957	0.0476962
680 760	0	0.0062393	0.0129373	0.0027392	0.00132872	0.00739781
720 0	0	0	0	0	0	0
720 40	0	0	0	0	0	0
720 80	0	0	0	0	0	0
720 120	23.4453	18.6847	0	33.0617	25.9328	13.6073
720 160	13.3647	7.34412	4.72956	34.766	14.9918	5.54839
720 200	10.8637	7.80378	4.91791	8.31046	11.8042	5.60073
720 240	13.9435	5.99292	3.95163	11.4904	9.4434	5.50903
720 280	10.3453	8.67568	3.20866	6.86048	4.54603	4.90589
720 320	4.35172	2.68501	3.94342	4.12983	3.15396	2.45277
720 360	3.43934	0.925184	1.80777	2.13637	1.48685	1.12624
720 400	0.734256	0.626331	0.923224	0.386914	0.392736	0.486973
720 440	0.333424	0.388397	0.437557	0.279623	0.0399509	0.257987
720 480	0.211483	0.157344	0.389684	0.152738	0.139007	0.157044
720 520	0.0625031	0.0557512	0.0801462	0.0472542	0.125065	0.213298
720 560	0.0330182	0.0231088	0.0637529	0	0.0227265	0.0632305
720 600	0.0219795	0	0.0259746	0	0.00958886	0.0437393
720 640	0.0144591	0.0289979	0.0892838	0.0164341	0.00194507	0.0552863
720 680	0.0110453	0.0119356	0.0363134	0.00680963	0.0021446	0.0225623
720 720	0.00610179	0.00979166	0.0219794	0.000796586	0.00892061	0.028143
720 760	0	0.00734473	0.0105987	0.000882433	0	0.00484252
760 0	0	0	0	0	0	0
760 40	0	0	0	0	0	0
760 80	0	0	0	44.7962	75.0636	0
760 120	14.3052	7.03331	8.91701	7.21269	14.3052	0
760 160	29.8262	7.05392	5.22907	16.9071	4.57945	2.15614
760 200	13.984	13.5149	2.19416	14.9051	7.12253	1.80254
760 240	14.9704	5.89056	2.69965	12.0393	8.48451	4.60184
760 280	9.13397	4.2838	3.58579	7.9068	5.00602	2.99743
760 320	4.5308	3.0001	2.88874	4.51912	2.90386	2.36008
760 360	3.17255	2.01398	2.55888	2.17514	2.28839	3.10864
760 400	1.2957	0.582215	0.991161	1.02125	0.777757	0.87405
760 440	0.434346	0.451118	0.899955	0.46972	0.448417	0.573294
760 480	0.254896	0.297958	0.422781	0.285493	0.244878	0.487603
760 520	0.253672	0.0860368	0.367389	0.106694	0.12673	0.336536
760 560	0.0848166	0.0568161	0.236916	0.0948444	0.0997425	0.184374
760 600	0.0245121	0.0239457	0.141908	0.0457534	0.0071524	0.102721
760 640	0.0285397	0.0262086	0.100717	0.0249236	0.0275509	0.0631708
760 680	0.00668333	0.00816093	0.043164	0.00555534	0.00396274	0.0430704
760 720	0.0031271	0.00305301	0.0265175	0.00470408	0.00446676	0.0350006
760 760	0.000787998	0.000787998	0.0066278	0.000251035	0.000515266	0.0103301
800 0	0	0	0	0	0	0
800 40	0	0	0	0	0	0
800 80	0	0	0	0	0	0
800 120	0	0	0	14.5757	24.5735	0
800 160	14.453	6.64886	8.23139	11.924	15.1339	12.1302
800 200	22.3661	7.64271	6.9322	21.4871	1.69807	1.99658
800 240	13.2344	5.30148	7.30243	15.54	8.37664	5.54116
800 280	9.08253	6.22468	3.9629	5.96358	2.07235	4.21351
800 320	3.96119	3.64949	2.56098	3.28837	2.79503	3.33249
800 360	3.62056	1.20985	2.08952	2.83663	1.00433	1.51882
800 400	1.29775	0.84047	1.3036	1.37641	0.752334	1.35199
800 440	0.375302	0.335062	0.851453	0.510645	0.347396	0.976676
800 480	0.300976	0.235054	0.395381	0.23092	0.120195	0.398933
800 520	0.164404	0.0855737	0.367669	0.221531	0.116295	0.264431
800 560	0.0536654	0.0673509	0.247056	0.0635219	0.0830035	0.156288
800 600	0.0262247	0.0253166	0.118102	0.0352804	0.00857669	0.100749
800 640	0.00511934	0.0138361	0.0785576	0.0397664	0.0162643	0.0521023
800 680	0.00457227	0.0138299	0.031692	0.00833982	0.010996	0.0312269
800 720	0	0.00481085	0.0196205	0.000802404	0.00322452	0.0103425
800 760	0	0	0.00827757	0.00205035	0	0.00645107
840 0	0	0	0	0	0	0
840 40	0	0	0	0	0	0
840 80	41.6539	0	0	0	0	0
840 120	35.5424	6.60289	0	4.56891	0	0
840 160	10.4323	5.11017	0	10.5265	7.86618	3.89917
840 200	6.49334	3.67975	6.48053	8.03886	3.26772	0.805766
840 240	10.7898	5.52815	4.79099	7.40499	6.24287	4.67439
840 280	8.63753	2.83335	4.80495	7.49786	5.42149	5.01145
840 320	3.6017	2.29222	2.81624	3.07369	3.06397	2.81844
840 360	2.19117	1.51751	1.94106	1.65895	2.20315	1.81288
840 400	1.62846	1.02769	1.48625	1.35918	0.651302	1.08992
840 440	0.739953	0.547498	0.589838	0.791509	0.449248	0.450052
840 480	0.172609	0.254527	0.42705	0.199775	0.099605	0.42881
840 520	0.121317	0.024765	0.276133	0.0876972	0.103547	0.206421
840 560	0.007562	0.0224407	0.0966636	0.026258	0.00700566	0.0600789
840 600	0.00946733	0.0161993	0.037061	0	0	0.0419624
840 640	0	0.00300863	0.0459303	0.0303016	0	0.00297919
840 680	0.00251429	0.00959724	0.0241106	0.00208609	0.00338599	0.0195942
840 720	0.000790614	0.00469427	0.00952569	0.00268714	0.00445785	0.0126378
840 760	0.00432028	0.000543098	0.00576411	0.000615033	0.00178449	0.00207399
880 0	0	0	0	0	0	0
880 40	0	0	0	0	0	0
880 80	68.9559	0	0	0	0	45.093
880 120	0	0	0	0	0	0
880 160	0	0	0	0	0	0
880 200	0	0	0	0	0	0
880 240	0	0	0	0	0	0
880 280	4.95409	2.14747	3.39779	4.23909	3.28104	1.13486
880 320	5.71977	2.56939	2.46632	3.50218	3.05362	2.21969
880 360	2.18635	0.77974	1.40136	1.74709	1.61146	0.82586
880 400	1.34521	1.21562	1.31174	0.905307	0.86714	1.43586
880 440	0.332989	0.386811	0.468139	0.492905	0.163455	0.525803
880 480	0.253918	0.0946695	0.226816	0.286585	0.187769	0.162475
880 520	0	0.0727006	0	0.102169	0	0.219523
880 560	0	0	0	0	0	0
880 600	0	0	0	0	0	0
880 640	0	0	0	0	0	0
880 680	0	0	0	0	0	0
880 720	0	0	0	0	0	0
880 760	0	0	0	0	0	0
920 0	0	0	0	0	0	0
920 40	0	0	0	0	0	0
920 80	0	0	0	0	0	0
920 120	0	0	0	0	0	0
920 160	0	0	0	0	0	0
920 200	0	0	0	0	0	0
920 240	0	0	0	0	0	0
920 280	0	0	0	0	0	0
920 320	2.87666	1.92204	1.92171	1.91268	2.34074	1.96433
920 360	1.46853	1.64771	1.24503	1.67122	1.33117	1.14412
920 400	1.24054	0.928503	1.16347	1.42514	0.74804	1.2202
920 440	0.346127	0.497186	0.694631	0.330399	0.374581	0.660774
920 480	0.254428	0.11177	0.292983	0.179092	0.119056	0.244669
920 520	0	0	0	0	0	0
920 560	0	0	0	0	0	0
920 600	0.00866292	0.0165776	0.0437321	0.0170723	0	0.0470347
920 640	0	0	0	0	0	0
920 680	0	0	0	0	0	0
920 720	0	0	0	0	0	0
920 760	0	0	0	0	0	0
960 0	0	0	0	0	0	0
960 40	0	0	0	0	0	0
960 80	0	0	0	0	0	0
960 120	0	0	0	0	0	0
960 160	0	0	0	0	0	0
960 200	0	0	0	0	0	0
960 240	0	0	0	0	0	0
960 280	0.565734	0	0.966903	0.966903	1.93381	0.966903
960 320	3.72696	1.09715	0.953498	2.16136	2.40233	1.0669
960 360	2.18307	1.0208	0.926356	1.8721	1.41629	1.28964
960 400	0.697048	0.37821	0.325131	0.704556	0.392009	0.684379
960 440	0.255594	0.190859	0.501292	0.316621	0.431318	0.187591
960 480	0	0	0	0	0	0
960 520	0	0	0	0	0	0
960 560	0	0	0	0	0	0
960 600	0	0	0	0	0	0
960 640	0	0	0	0	0	0
960 680	0	0	0	0	0	0
960 720	0	0	0	0	0	0
960 760	0	0	0.00135765	0	0	0.00121942
1000 0	0	0	0	0	0	0
1000 40	0	0	0	0	0	0
1000 80	0	0	0	34.6777	0	0
1000 120	17.6565	0	5.8855	11.771	0	0
1000 160	6.11535	1.96788	5.7279	1.96788	6.17195	3.70978
1000 200	6.82081	7.5977	2.28494	7.27025	2.3756	0
1000 240	3.68249	0.741649	0.520176	1.75928	4.0628	0.359462
1000 280	2.32101	1.33374	0.756117	1.35504	1.32404	0.747903
1000 320	2.71644	2.73009	2.43087	2.10119	2.21367	2.10444
1000 360	1.7974	1.38274	1.94	1.50161	0.729079	1.15556
1000 400	0.816586	0.610988	1.29076	0.750027	0.898538	1.07352
1000 440	0.208647	0.209425	0.460443	0.268008	0.357468	0.6033
1000 480	0.315519	0.204963	0.262495	0.236043	0.163821	0.288569
1000 520	0.142896	0.0626642	0.13934	0.0806262	0.111981	0.208337
1000 560	0.0991146	0.0453825	0.0863622	0.0259576	0.052021	0.147326
1000 600	0.0493862	0.0493455	0.0634596	0.041867	0.0366951	0.0729754
1000 640	0.0141982	0.0126917	0.0495212	0.00798369	0.0128683	0.023582
1000 680	0.00949845	0.00728177	0.0348893	0.00681955	0.0046612	0.0251737
1000 720	0.0046783	0.000355305	0.0138213	0.00271768	0.00274569	0.0118819
1000 760	0.000532408	0.00102768	0.00313245	0.00163688	0.00218936	0.00600373
1040 0	0	0	0	0	0	0
1040 40	0	0	0	0	0	0
1040 80	16.4631	68.3665	16.1893	0	0	0
1040 120	26.8448	6.38406	6.65458	6.76037	0	5.0481
1040 160	8.45732	7.36005	7.371	6.16634	8.78166	3.61314
1040 200	9.82916	5.96437	4.80817	9.63792	1.73697	0.553682
1040 240	8.67667	1.91601	4.00597	9.53555	1.72712	1.62855
1040 280	4.266	1.8042	2.14131	3.90606	3.89509	2.08021
1040 320	2.423	1.96255	3.20804	2.07358	1.85096	1.29865
1040 360	2.33997	1.31516	2.20498	1.26714	0.789361	0.858395
1040 400	0.517645	0.348372	0.496577	0.437573	0.3784	0.606704
1040 440	0.61614	0.384644	0.490761	0.378108	0.38258	0.542843
1040 480	0.239461	0.254285	0.415152	0.243983	0.127391	0.19276
1040 520	0.086745	0.0916968	0.105192	0.050793	0.015904	0.182525
1040 560	0.0844309	0.062108	0.100634	0.0112728	0.0337748	0.107594
1040 600	0.0300687	0.0183894	0.0514661	0.0321185	0.0132967	0.0792494
1040 640	0.0163409	0.0112636	0.0299183	0.0106978	0.00435632	0.0180956
1040 680	0.00291386	0.0120681	0.0123663	0.0104856	0.00960836	0.0137208
1040 720	0.0101727	0.00754087	0.0100924	0.000616191	0.00197496	0.0104763
1040 760	0.000971988	0.00330661	0.00137805	0.00343983	0.00234958	0.00328132
1080 0	0	0	0	0	0	0
1080 40	0	0	0	0	0	0
1080 80	0	0	0	0	0	0
1080 120	0	0	0	0	0	22.329
1080 160	5.82768	5.45828	3.23882	9.8085	16.6131	1.33438
1080 200	16.6555	2.58769	1.60306	1.56614	10.6018	1.11159
1080 240	5.20229	7.81315	3.06107	6.98735	3.1161	2.99976
1080 280	4.36229	2.34233	3.31465	3.8953	2.69892	1.37813
1080 320	2.77665	1.86102	2.3445	1.72716	2.03316	1.52393
1080 360	1.05927	0.859333	0.996366	1.32839	0.618248	0.874469
1080 400	0.565647	0.545211	0.5684	0.431253	0.479121	0.95802
1080 440	0.308517	0.0821296	0.255409	0.0736126	0.114432	0.211296
1080 480	0.233865	0.0715889	0.112282	0.0786982	0.0279393	0.146645
1080 520	0.0106587	0.06124	0.0936295	0.0156866	0.117525	0.0539586
1080 560	0.0239578	0.00960078	0.0311807	0.0202086	0.00580738	0.0747192
1080 600	0.0346182	0.0204849	0.0280455	0.0165393	0	0.0236434
1080 640	0.00335916	0.00482994	0.00981488	0.00143235	0.00396439	0.0180176
1080 680	0.00433853	0.00427315	0.0138203	0.00525141	0.00983198	0.0142821
1080 720	0	0.00984381	0.0122481	0.00240211	0.00287982	0.00380509
1080 760	0.00268354	0.000907216	0.00664352	0	0.00275818	0.00281574
1120 0	0	0	0	0	0	0
1120 40	0	0	0	0	0	0
1120 80	0	0	0	0	0	0
1120 120	0	11.6975	12.0398	13.8511	0	0
1120 160	14.6748	13.9088	0	5.51591	0	3.24931
1120 200	16.2241	6.01264	3.74364	7.93576	0.397715	0
1120 240	6.18498	2.10122	2.49092	7.37721	3.11336	1.40756
1120 280	2.53843	1.82992	0.375794	1.15156	1.44283	0.375794
1120 320	0.641419	0.462039	0.853834	1.52838	0.357424	0.617307
1120 360	0.206222	0.432936	0.652442	0.70095	0.409743	0.523712
1120 400	0.284875	0.316311	0.333544	0.173561	0.270481	0.405004
1120 440	0.0971591	0.117003	0.150572	0.149206	0.0830649	0.26167
1120 480	0.158578	0.0297055	0.126447	0.00705471	0.0591415	0.144852
1120 520	0.0840799	0.0109664	0.0764787	0.025966	0.0258609	0.0933791
1120 560	0.0183376	0.0288895	0.00289895	0.0175763	0.0543529	0.0371369
1120 600	0.0121591	0.00780024	0.0457202	0.00409672	0.0184318	0.0272459
1120 640	0.0184643	0	0.0129522	0.0214477	0.00147568	0.00946822
1120 680	0.00867147	0.00568972	0.00929433	0.00349516	0	0.00567528
1120 720	0.00473307	0.00346674	0.00527816	0.00666901	0	0.00215845
1120 760	0.000487662	0.000487662	0.000573502	0	0.000542634	0.00219295
1160 0	0	0	0	0	0	0
1160 40	0	0	0	0	0	0
1160 80	108.285	0	0	122.153	0	0
1160 120	0	0	0	0	0	0
1160 160	17.1336	4.94062	3.87786	5.04156	2.44634	3.3803
1160 200	9.30849	1.67586	1.07966	8.57718	2.86095	3.44274
1160 240	10.5584	3.64331	0.474716	6.41482	2.57383	2.8389
1160 280	2.38758	1.96749	1.8677	1.26849	3.79374	1.00233
1160 320	2.82252	1.53202	1.17557	1.85474	1.62267	0.799762
1160 360	0.98653	0.828179	0.593855	1.21281	1.21166	0.798219
1160 400	0.600652	0.531006	0.607341	0.4573	0.529654	0.627085
1160 440	0.529476	0.154242	0.374247	0.218893	0.176881	0.515859
1160 480	0.316131	0.0693413	0.168834	0.184774	0.119056	0.196409
1160 520	0.0460437	0.0575111	0.124893	0.0781114	0.0611053	0.15139
1160 560	0.00650091	0	0.0526272	0.095148	0.0171926	0.0515617
1160 600	0.0109014	0.00665267	0.0136249	0.0124247	0.00503892	0.0671499
1160 640	0.00762815	0.0155654	0.0291196	0.00701664	0.0209296	0.0206487
1160 680	0.00332234	0.0120033	0.0113629	0.00496801	0	0.0253803
1160 720	0	0.00281883	0.0168236	0.0144824	0.0013852	0.00974041
1160 760	0	0	0.00455016	0.000593084	0.00139929	0.00137086
1200 0	0	0	0	0	0	0
1200 40	0	0	0	0	0	0
1200 80	0	0	15.4481	15.4481	0	0
1200 120	0	13.3835	12.9811	0	0	17.5245
1200 160	9.84008	5.6079	2.81845	12.5697	3.29557	0.939484
1200 200	3.06275	3.50788	5.50392	8.67363	3.33017	3.50965
1200 240	5.83565	3.92225	2.05489	4.38345	4.199	1.62185
1200 280	1.91741	1.7778	1.23403	3.35295	1.05923	1.14215
1200 320	0.655881	0.763355	0.399369	0.568814	0.512169	0.293694
1200 360	1.00345	0.169908	0.62366	0.525666	0.221399	0.415376
1200 400	0.278818	0.0990493	0.18761	0.0626015	0.0832713	0.224187
1200 440	0.241708	0.254669	0.27624	0.165905	0.0551056	0.0961548
1200 480	0.19158	0.0665238	0.169936	0.106248	0.064769	0.175807
1200 520	0.195654	0.0779373	0.161023	0.0630586	0.045918	0.0708134
1200 560	0.0574904	0.0205823	0.103209	0.0126558	0.0290019	0.0586065
1200 600	0.012415	0.00602964	0.0330707	0.00562476	0.0174017	0.0320402
1200 640	0	0.00803507	0.0268305	0.00077853	0.00162645	0.00621455
1200 680	0.00932173	0.00864608	0.0183269	0.00580077	0.00627938	0.0121179
1200 720	0.00289127	0	0.00483153	0.00481066	0.00075642	0.00637966
1200 760	0	0.00185313	0.000488488	0.00310254	0	0.00202236
1240 0	0	0	0	0	0	0
1240 40	0	0	0	0	0	0
1240 80	0	0	0	0	0	0
1240 120	20.8843	6.93391	0	0	0	0
1240 160	14.9246	5.32844	2.20466	16.7177	0	0
1240 200	7.05757	2.84236	3.81548	6.66515	4.56875	2.40119
1240 240	5.43646	2.67551	1.05952	3.9377	2.67094	3.62424
1240 280	3.87159	1.498	2.08501	0.954619	0.765901	1.30317
1240 320	1.58241	0.818453	0.740076	1.545	0.869322	0.536885
1240 360	0.533323	0.323371	0.911572	1.08984	0.715819	1.59757
1240 400	0.880226	0.39042	0.465278	0.368989	0.255681	0.167064
1240 440	0.216421	0.111693	0.235314	0.25325	0.16255	0.338025
1240 480	0.12093	0.21368	0.245436	0.106597	0.054624	0.18275
1240 520	0.0850835	0.0655829	0.0744359	0.0163393	0.0340611	0.111512
1240 560	0.019074	0.0199264	0.0742742	0.0316203	0.00993426	0.0767516
1240 600	0.0164822	0.0242179	0.0279315	0	0.0294427	0.0275625
1240 640	0.00990737	0.00559446	0.0302764	0.0118205	0.00425064	0.00799398
1240 680	0.00113208	0.0104089	0.0108078	0.00239974	0	0.0117848
1240 720	0.00373665	0.00961794	0.00497163	0.00494337	0	0.00267426
1240 760	0.00101972	0	0.00639528	0	0	0.00175787
1280 0	0	0	0	0	0	0
1280 40	0	0	0	0	0	0
1280 80	35.4824	0	0	0	0	0
1280 120	6.84531	0	0	0	0	0
1280 160	2.22619	0	7.30172	2.22619	0	3.20067
1280 200	3.50767	2.1642	4.72917	0.906426	2.11569	0.906426
1280 240	3.64582	0.349007	1.91331	2.41964	1.51092	1.48481
1280 280	0.982086	1.55673	0.753589	1.32567	1.3022	0.943493
1280 320	1.1672	1.05546	0.397996	1.04787	0.312956	0.159135
1280 360	0.315955	0.314071	1.20321	0.467876	0.205971	0.489474
1280 400	0.339029	0.106361	0.245653	0.203286	0.144098	0.212498
1280 440	0.105147	0.0918579	0.204552	0.196495	0.0944905	0.142205
1280 480	0.090703	0.0566957	0.0683812	0.0111505	0.0585027	0.163987
1280 520	0.0149282	0.0218397	0.029705	0.0543163	0.0119366	0.0172552
1280 560	0	0	0	0	0	0
1280 600	0	0	0	0	0	0
1280 640	0	0	0	0	0	0
1280 680	0	0	0	0	0	0
1280 720	0	0	0	0	0	0
1280 760	0	0	0	0	0	0
1320 0	0	0	0	0	0	0
1320 40	0	0	0	0	0	0
1320 80	0	0	0	0	0	0
1320 120	0	0	6.62769	0	0	0
1320 160	4.25613	0	2.21236	2.21236	0	0
1320 200	1.39743	2.7394	0	0.91526	0.698717	0
1320 240	4.78689	2.88351	1.88663	4.02208	2.7225	3.50972
1320 280	3.14931	1.12925	0.702546	1.64047	0.521665	0.475589
1320 320	1.88939	0.775365	1.44826	1.26216	0.639362	1.03928
1320 360	1.10355	0.699526	0.523711	0.269542	0.726663	0.654662
1320 400	0.226206	0.240315	0.340734	0.289194	0.37882	0.374271
1320 440	0.171828	0.059188	0.419902	0.41099	0.0524862	0.344302
1320 480	0.127302	0.0864292	0.234182	0.176112	0.124909	0.107194
1320 520	0.014073	0.130076	0.057059	0.168873	0.0169509	0.0382587
1320 560	0.00937966	0.0361117	0.0762735	0.0421127	0.0320634	0.0101003
1320 600	0.0209635	0.0194694	0.053077	0.0162828	0.00206372	0.0307949
1320 640	0	0.00207518	0.010662	0	0	0.00207518
1320 680	0.00190953	0	0.00947521	0.00080896	0.00108091	0.001788
1320 720	0.00131773	0.000721361	0.00330351	0.00177562	0	0.00278307
1320 760	0.000513181	0	0.000497292	0	0.000497292	0.00148627
1360 0	0	0	0	0	0	0
1360 40	0	0	0	0	0	0
1360 80	0	0	0	0	0	0
1360 120	0	6.22854	0	0	13.5027	0
1360 160	5.72697	2.21528	0	0	0	0
1360 200	3.84477	2.43516	2.51698	6.48568	5.91535	4.58755
1360 240	2.73626	0.737297	2.11391	0.623366	1.42808	1.29825
1360 280	0.655277	0.241307	0.253593	1.28888	1.23429	1.04831
1360 320	0.740337	0.428269	0.559659	0.587968	0.428269	0.345742
1360 360	0.837337	0.423518	0.879774	0.805349	0.0975298	0.964043
1360 400	0.312339	0.241831	0.223613	0.241646	0.165783	0.487775
1360 440	0.18678	0.149992	0.165122	0.293027	0.0667112	0.440873
1360 480	0.0301077	0.0191205	0.131279	0.0575671	0.103332	0.0758833
1360 520	0.085396	0.0175763	0.0932692	0.0261698	0.0731396	0.0753446
1360 560	0	0.0393642	0.0821228	0.0550275	0.0294957	0.0663617
1360 600	0.0277481	0.00879714	0.0233427	0.00641759	0.00960988	0.0253298
1360 640	0	0.0227764	0.0131451	0.017491	0	0.0111245
1360 680	0	0.00717229	0.00411229	0.00109902	0.00201665	0.00737361
1360 720	0.00992408	0.00473888	0.00534118	0.003519	0.00263102	0.00634956
1360 760	0.000403632	0.00094157	0.000498745	0.00158162	0	0.00140112
1400 0	0	0	0	0	0	0
1400 40	0	0	0	0	0	0
1400 80	0	0	32.4723	0	0	0
1400 120	6.50528	0	7.53839	0	0	0
1400 160	2.17489	6.88088	4.37966	7.51272	1.83075	3.85122
1400 200	6.32732	3.85139	6.39613	5.23607	1.64722	2.63076
1400 240	5.18996	2.40434	2.4249	4.97861	1.3026	1.26208
1400 280	0.928255	0.677964	1.04754	2.57757	0.433504	1.14848
1400 320	1.01238	0.703586	0.56923	1.08561	0.854393	1.20812
1400 360	1.10183	0.241136	0.38486	0.810747	0.639491	0.623394
1400 400	0.236556	0.335399	0.234253	0.475431	0.169845	0.150995
1400 440	0.238762	0.183505	0.202612	0.047347	0.10719	0.0939504
1400 480	0.0550046	0.0707077	0.0875517	0.141855	0.0832283	0.0956215
1400 520	0	0.0357235	0.0935866	0.0210183	0	0.0489884
1400 560	0.0489182	0.0230678	0.035745	0.0141519	0.0320038	0.0559368
1400 600	0.0023687	0.0114134	0.0120464	0.0151043	0.0105028	0.0559176
1400 640	0.00276207	0.00190882	0.00811197	0.00151193	0.00422781	0.00440556
1400 680	0.00601105	0	0.00661932	0	0	0.00220521
1400 720	0.0013294	0.00397134	0	0.00227205	0.000603175	0.00687799
1400 760	0.000612304	0.000501988	0.00105249	0	0.00437337	0.0100014
1440 0	0	0	0	0	0	0
1440 40	0	0	0	0	0	0
1440 80	0	0	0	0	0	0
1440 120	13.5649	5.50471	0	6.39661	6.39661	0
1440 160	9.32659	2.09062	0	5.40325	2.09062	3.28101
1440 200	4.53258	2.74737	1.53812	8.67851	0	1.5269
1440 240	3.7068	2.72574	1.97535	2.23325	2.30988	0.386018
1440 280	1.99399	1.24192	1.34868	2.36873	0.828669	1.13896
1440 320	1.56952	0.113027	0.395571	1.19702	1.61481	0.834289
1440 360	0.996358	0.249745	0.287864	0.512241	0.184516	0.273866
1440 400	0.494181	0.276652	0.198955	0.281955	0.165724	0.366176
1440 440	0.295104	0.0265005	0.0943677	0.214313	0.0395627	0.265042
1440 480	0.082509	0.0475564	0.273058	0.124106	0.149216	0.0686142
1440 520	0	0.0395324	0.0274885	0	0.0538601	0.0956687
1440 560	0.00632296	0.048589	0.0026597	0.0699173	0.0814199	0.0327514
1440 600	0.0191629	0.0205852	0.0276767	0.025619	0.00675003	0.0479784
1440 640	0.0053884	0.00422219	0.00968118	0	0.00263368	0.0223622
1440 680	0.00383998	0.0023643	0.0063618	0.0243515	0.00088246	0.0115504
1440 720	0.000606527	0.00341319	0.00622307	0	0.0085064	0.00861532
1440 760	0.00053801	0	0.00593962	0.00050235	0	0.00370947
1480 0	0	0	0	0	0	0
1480 40	0	0	0	0	0	0
1480 80	0	0	32.1872	0	0	0
1480 120	6.33396	0	11.0541	0	0	15.9491
1480 160	9.59415	2.1331	5.77224	0	0	2.14754
1480 200	4.88244	2.08594	0	0	0.922946	0.789327
1480 240	4.99379	3.1498	1.32847	1.09788	0.430174	1.99915
1480 280	1.68372	0.443845	0.233588	2.26057	1.15591	1.87337
1480 320	0.562656	0.146067	0.669119	0.609854	0.470913	0.907253
1480 360	0.998847	0.544483	0.426739	0.253712	0.628419	0.160889
1480 400	0.335477	0.151035	0.185385	0.436339	0	0.295945
1480 440	0.112442	0	0.0709957	0.313231	0.111409	0.177214
1480 480	0.0990847	0.0352062	0.115605	0.0903462	0.165054	0.0903826
1480 520	0.0637826	0.0179685	0.0421682	0.0118629	0	0.072887
1480 560	0	0.0205888	0.00248682	0.0287687	0.0227688	0.0414472
1480 600	0.00680558	0.0123084	0.0267098	0.0113054	0.00485896	0.021012
1480 640	0.00404825	0.00312437	0.0174733	0.00262437	0.0015933	0.0015933
1480 680	0.00400235	0.00215741	0.0100555	0.00768136	0.00306907	0.00409742
1480 720	0	0.000732835	0.00147205	0.000736023	0.000732835	0.00437135
1480 760	0	0.000506356	0.00125081	0	0	0.000486084
1520 0	0	0	0	0	0	0
1520 40	0	0	0	0	0	0
1520 80	31.7106	0	0	0	0	0
1520 120	0	12.8971	0	6.41928	0	6.88853
1520 160	3.54226	0	2.31487	4.09413	6.409	0
1520 200	6.4134	4.78676	2.16812	3.88818	2.17898	0.809625
1520 240	5.64209	0.837152	1.50947	6.32052	1.47733	1.09272
1520 280	2.07998	1.59673	0.45041	2.67505	0.37745	1.26727
1520 320	0.675426	0.370322	0.688233	1.43584	0.572267	0.337271
1520 360	0.648291	0.108594	0.448804	0.108594	0.276736	0.480183
1520 400	0.543262	0.170985	0.304355	0.170015	0.353932	0.289324
1520 440	0.0452436	0.0691304	0.13527	0.0979051	0.137032	0.078484
1520 480	0.0448775	0.111785	0.0448365	0.0222164	0.0385118	0.104218
1520 520	0.0783733	0	0.0405103	0.0120484	0	0.0659645
1520 560	0.0221994	0.0288544	0.0231722	0	0.0682177	0.00294433
1520 600	0.0112157	0.00403114	0.0179714	0.00694596	0.0138293	0.0104306
1520 640	0.00558111	0.00160148	0.016082	0.00277687	0.0182715	0.00765587
1520 680	0.00261426	0	0.00768001	0.000890122	0.000890122	0.00518589
1520 720	0.00543568	0.00088706	0.00130252	0.000611232	0.000614139	0.003949
1520 760	0.000509715	0	0.000534147	0	0.000509715	0.00143924
1560 0	0	0	0	0	0	0
1560 40	0	0	0	0	0	0
1560 80	31.0467	31.0467	0	0	0	0
1560 120	0	0	0	6.32707	0	12.9217
1560 160	3.32209	0	0	3.5986	3.5986	0
1560 200	0.871375	0	1.21401	2.20754	0.516708	1.21401
1560 240	1.91718	1.17246	0.621245	0.407157	0	0.621245
1560 280	0.243841	0.244211	0.80037	0.8	0.624638	0.416431
1560 320	0.306777	0.264405	0.449555	0.460276	0.296167	0
1560 360	0.174368	0	0.178582	0.64094	0.112054	0.112054
1560 400	0.184924	0.0226152	0.037293	0.10701	0.0635481	0.118573
1560 440	0.101132	0.0277094	0.158054	0.0449764	0.101032	0
1560 480	0.0262714	0.0550842	0.0288128	0.00696701	0	0.00701199
1560 520	0.11442	0	0	0.0402914	0.0402914	0.0194113
1560 560	0	0	0.0132581	0	0	0.0380601
1560 600	0.00945972	0	0.00182123	0	0.00869436	0.00246427
1560 640	0.00311887	0	0.00538852	0.00160966	0.00424576	0.00597666
1560 680	0	0	0.00691452	0.00178669	0.0020206	0
1560 720	0.000740911	0	0.00148182	0	0	0.00508159
1560 760	0.000858836	0.000511375	0.00105452	0	0	0.00102275
1600 0	0	0	0	0	0	0
1600 40	0	0	0	0	0	0
1600 80	0	0	0	0	0	0
1600 120	0	0	0	0	0	0
1600 160	3.87941	3.36863	1.99405	3.36863	1.99405	0
1600 200	2.07462	0	0.77754	2.98406	2.59416	1.29708
1600 240	1.50042	0.346796	0.506892	3.07752	1.08371	0.946562
1600 280	0.318887	0	0.779544	0.790964	1.06758	0.241748
1600 320	0.472766	0.0717939	0.282415	0	0.174556	0.141208
1600 360	0.398782	0.43414	0	0.234748	0.082017	0
1600 400	0.263253	0.0846476	0.0633336	0.129496	0.0633336	0.117211
1600 440	0	0.0611614	0.0324894	0.0968698	0.081262	0.00979347
1600 480	0.0163765	0.175462	0	0.0306783	0.175462	0.0163765
1600 520	0.0129288	0.0452004	0.014239	0.0442118	0.0128945	0.0700594
1600 560	0.00239862	0.0142795	0.0633852	0.0212355	0.0103084	0.0394138
1600 600	0.00304135	0.0129672	0.0231185	0.0145564	0	0.0158055
1600 640	0.00179326	0.00161034	0.00824674	0	0	0
1600 680	0.00297258	0.00109162	0.00646923	0	0	0
1600 720	0	0	0	0	0.000950017	0.00147938
1600 760	0.000512701	0	0.00147435	0	0	0.0010254
1640 0	0	0	0	0	0	0
1640 40	0	0	0	0	0	0
1640 80	0	0	0	0	0	0
1640 120	0	0	0	12.9749	0	0
1640 160	2.03018	0	0	0	0	0
1640 200	3.05575	3.44615	1.27503	8.31519	0.890361	0
1640 240	1.59227	2.83602	2.59085	3.02471	1.47129	1.00637
1640 280	1.0898	0.830305	0.196774	1.05152	1.90161	0.918263
1640 320	0.174549	0	1.00498	0.774478	0.383807	0.465548
1640 360	0.49182	0.334678	0.173743	0.226804	0.196148	0.0874234
1640 400	0.473525	0.406622	0.437431	0.430148	0.139593	0.0867175
1640 440	0.326414	0.158956	0.0644021	0.0112089	0.118885	0.0694551
1640 480	0.018716	0.0526638	0.0841527	0	0	0.0678886
1640 520	0.0441088	0.0341025	0.0138031	0.0223959	0.0202883	0.0568768
1640 560	0.0174763	0.0147303	0.0330908	0	0.0178857	0.016585
1640 600	0.00600784	0.00356253	0.0170366	0.00205856	0.00221225	0.0574338
1640 640	0.0050354	0.00932458	0.000994948	0.00413312	0.010185	0.0194863
1640 680	0.00707861	0.00435998	0.00252715	0.00712305	0.00545786	0.00700112
1640 720	0	0.000375233	0.00411803	0.00141051	0	0.00211848
1640 760	0.00278081	0	0.000465301	0	0	0.000816302
1680 0	0	0	0	0	0	0
1680 40	0	0	0	0	0	0
1680 80	0	0	0	0	0	0
1680 120	6.43663	6.43663	0	0	18.6418	0
1680 160	3.32893	1.73622	7.87898	11.5798	1.31672	1.31672
1680 200	4.94696	1.26459	1.50586	3.59903	3.20722	0
1680 240	3.4657	2.49081	0.963731	2.76642	1.29829	0.673335
1680 280	0.763049	0.951804	0.697086	1.41605	0.393706	0.859854
1680 320	0.465449	0.0704849	0.187524	0.264493	0.14097	0.373694
1680 360	0.57985	0.193212	0.250094	0.23727	0.157646	0.184721
1680 400	0.206677	0.200145	0.136861	0.16521	0	0.0684304
1680 440	0.016397	0.0241881	0	0.122631	0.0241881	0
1680 480	0.0482425	0	0	0.017631	0.0306971	0.0565724
1680 520	0	0	0.00855255	0.0527118	0.0152402	0.0419164
1680 560	0	0.0225038	0.00456734	0.0075231	0	0.0240653
1680 600	0.00219694	0.000994033	0	0.0077858	0.0041324	0.0208369
1680 640	0.000697155	0	0.00543005	0.0239799	0.000814133	0.000667739
1680 680	0.00064749	0.00116891	0	0	0.00733043	0.00223675
1680 720	0	0	0.00108242	0.00108242	0	0.000375389
1680 760	0.00109806	0	0.00103846	0	0	0
1720 0	0	0	0	0	0	0
1720 40	0	0	0	0	0	0
1720 80	31.1654	0	0	0	31.1654	0
1720 120	0	0	6.30252	0	0	0
1720 160	2.02679	0	8.18491	7.66138	0	0
1720 200	3.04571	0	1.29109	2.58218	0	0
1720 240	3.29834	1.72691	0.557274	3.17525	1.04058	3.49436
1720 280	1.42515	0.543289	0.831781	2.71065	1.64528	0.770347
1720 320	0.507779	0.548746	0.340651	0.689926	0	0.542527
1720 360	0.475689	0.678063	0.378095	0.309556	0.534343	0.386852
1720 400	0.152179	0.175812	0.332313	0.229733	0.497566	0.129886
1720 440	0.0422186	0.0352451	0.143147	0.129158	0.0851094	0.0849593
1720 480	0	0.0357806	0.0643174	0.034226	0.12825	0.0299965
1720 520	0.0690932	0.0148168	0.0349352	0.0171183	0	0.0217563
1720 560	0	0.0151906	0.027971	0	0	0.00300392
1720 600	0	0.00604108	0.0191059	0	0	0.00199321
1720 640	0.0112888	0.00416134	0.00297424	0.00163871	0.00297701	0.00756064
1720 680	0.00584875	0.00221629	0.00394673	0.000914275	0	0.00293126
1720 720	0.000902819	0.00075482	0.0030751	0.00122754	0.00065126	0.0018939
1720 760	0	0	0	0	0	0
1760 0	0	0	0	0	0	0
1760 40	0	0	0	0	0	0
1760 80	0	0	0	108.664	0	0
1760 120	0	18.6992	0	0	0	0
1760 160	8.5514	1.73222	3.42892	5.43613	0	2.00721
1760 200	9.49639	2.25147	2.89976	7.42655	1.44538	0
1760 240	3.03103	1.48316	0.77656	1.20445	0.347852	1.00985
1760 280	1.90399	0.558586	0.37486	0.695696	0.632666	1.19019
1760 320	0.524307	0.452047	0.662416	1.53068	0.709186	0.264983
1760 360	0.51342	0.104405	0.144164	0.434345	0.180702	0.226368
1760 400	0	0.1528	0	0.150768	0.0592037	0.163129
1760 440	0.0761918	0.0504393	0.0380959	0.0380959	0.153571	0
1760 480	0	0.0384565	0.0192602	0	0.0150898	0.0405491
1760 520	0.0402281	0	0.0291788	0	0	0.0214635
1760 560	0.011639	0.0251192	0.00125585	0.0137593	0	0.0122545
1760 600	0.00598522	0.00598522	0.00179715	0.00225243	0.000898574	0.00122587
1760 640	0.0124927	0.000820981	0.0030854	0.00134729	0.00134729	0.00601166
1760 680	0	0	0.00578203	0.000459671	0.00327015	0.00254413
1760 720	0.000541201	0	0.000449286	0.000898572	0.0010824	0.00155967
1760 760	0.000435498	0	0.000261702	0	0.000261702	0.000523404
1800 0	0	0	0	0	0	0
1800 40	0	0	0	0	0	0
1800 80	0	0	0	0	0	0
1800 120	12.4251	0	0	6.21253	6.21253	14.237
1800 160	5.28008	0	1.959	1.98858	0	1.96851
1800 200	3.26716	1.93139	2.03046	2.51841	1.27979	1.23863
1800 240	2.35109	1.46256	0.573909	3.07878	0.578016	1.13054
1800 280	1.53936	0.736063	0.0022885	0.450852	1.55743	0.560607
1800 320	0.305467	0.500644	0.571716	0.281104	0.465888	0.23528
1800 360	0.356107	1.00834	0.0305892	0.468338	0	0.488436
1800 400	0.301605	0.256811	0.184706	0.304769	0.0765655	0.157919
1800 440	0.235141	0.046595	0.0745219	0.225054	0.105959	0.275194
1800 480	0.0688709	0	0.0305935	0.0305935	0.0556595	0.0610042
1800 520	0.127687	0	0.0611604	0.0369561	0	0.0425716
1800 560	0.0154407	0	0.0133361	0.0154407	0	0.02475
1800 600	0.00578636	0.00471619	0.0228892	0.00491751	0.00775934	0.00245875
1800 640	0	0.00225749	0.00165583	0	0	0.00183833
1800 680	0	0.000924519	0	0.0055851	0.00111734	0.00111734
1800 720	0.000636135	0.00152875	0	0.000636135	0.00244861	0.00216705
1800 760	0	0	0	0	0	0
1840 0	0	0	0	0	0	0
1840 40	0	0	0	0	0	0
1840 80	0	0	0	0	0	0
1840 120	0	12.5999	0	6.1926	6.1926	0
1840 160	3.918	0	0	0	0	0
1840 200	0	5.2748	2.00156	1.68161	0.706968	2.57469
1840 240	1.85858	1.5655	1.45439	0.929289	0.929289	0
1840 280	1.50639	0.523293	0.170838	0.757621	0.48715	0.468657
1840 320	0.439238	0.136224	0	0.136224	0	0.161965
1840 360	0.342052	0.0902807	0.0902807	0.113792	0	0.227584
1840 400	0.20705	0.0743211	0.126427	0.132729	0.0584079	0.302944
1840 440	0.278414	0.132949	0.0742199	0.0997073	0.175104	0.0462051
1840 480	0.0647368	0.0323684	0.0323684	0.024769	0	0
1840 520	0	0	0.0258515	0.0294492	0.0401614	0.0695091
1840 560	0	0.0127698	0.0183417	0.0311115	0	0.0183417
1840 600	0.00171877	0.00202537	0	0	0	0.00621911
1840 640	0	0	0.00123458	0.0016598	0.0115513	0.0262375
1840 680	0.00107954	0	0.000928032	0	0	0.00205399
1840 720	0	0	0.00192295	0	0	0
1840 760	0.000531313	0	0.000595201	0	0	0.000595201
1880 0	0	0	0	0	0	0
1880 40	0	0	0	0	0	0
1880 80	0	0	0	0	0	0
1880 120	18.6036	0	0	0	0	0
1880 160	0	2.04078	0	0	0	2.04078
1880 200	2.70621	1.59052	1.02938	0	1.25183	0
1880 240	1.69609	0	0	0	0	0.833869
1880 280	0.827217	1.16602	0	0.523462	0.523462	1.25007
1880 320	0.279914	0.313795	0.179186	0.134609	0.367044	0.179186
1880 360	0.102308	0	0.135657	0.181798	0.0794898	0.0794898
1880 400	0.0462501	0	0	0.162682	0.211467	0.141891
1880 440	0.0767764	0.0113324	0	0.0253446	0	0.112262
1880 480	0	0.0310907	0	0.0621814	0.00698426	0.024711
1880 520	0.0263944	0.0140078	0.0541093	0	0.0046228	0.0263944
1880 560	0.0433851	0	0.00427166	0	0	0
1880 600	0.00202533	0.0156747	0	0.0069951	0	0
1880 640	0	0	0.0129564	0.00519369	0	0.00166256
1880 680	0	0	0.00516848	0	0	0.00205389
1880 720	0	0.000770365	0.000640644	0	0	0
1880 760	0.000531311	0.000887275	0.00091483	0.000531311	0	0
1920 0	0	0	0	0	0	0
1920 40	0	0	0	0	0	0
1920 80	0	0	0	0	0	0
1920 120	0	0	0	0	0	0
1920 160	0	0	0	0	0	0
1920 200	0	0	0	0	0	0
1920 240	0	0	0	0	0	0
1920 280	0	0	0	0	0	0
1920 320	0	0	0	0	0	0
1920 360	0	0	0	0	0	0
1920 400	0	0	0	0	0	0
1920 440	0	0	0	0	0	0
1920 480	0	0	0	0	0	0
1920 520	0	0	0	0	0	0
1920 560	0	0	0	0	0	0
1920 600	0	0	0	0	0	0
1920 640	0	0	0	0	0	0
1920 680	0	0	0	0	0	0
1920 720	0	0	0	0	0	0
1920 760	0	0	0	0	0	0
1960 0	0	0	0	0	0	0
1960 40	0	0	0	0	0	0
1960 80	0	0	0	0	0	0
1960 120	0	0	0	0	0	0
1960 160	0	0	0	0	0	0
1960 200	0	0	0	0	0	0
1960 240	0	0	0	0	0	0
1960 280	0	0	0	0	0	0
1960 320	0	0	0	0	0	0
1960 360	0	0	0	0	0	0
1960 400	0	0	0	0	0	0
1960 440	0	0	0	0	0	0
1960 480	0	0	0	0	0	0
1960 520	0	0	0	0	0	0
1960 560	0	0	0	0	0	0
1960 600	0	0	0	0	0	0
1960 640	0	0	0	0	0	0
1960 680	0	0	0	0	0	0
1960 720	0	0	0	0	0	0
1960 760	0	0	0	0	0	0
