0 0	0	0	0	0	0	0
0 40	0	0	0	0	0	0
0 80	0	0	0	900.561	0	0
0 120	556.436	88.5082	295.563	100.409	76.1814	103.253
0 160	113.951	100.02	57.2561	131.918	86.8475	94.9468
0 200	24.5307	24.5307	0	135.518	0	0
0 240	0	0	0	0	0	0
0 280	0	0	0	0	0	0
0 320	0	0	0	0	0	0
0 360	0	0	0	0	0	0
0 400	0	0	0	0	0	0
0 440	0	0	0	0	0	0
0 480	0	0	0	0	0	0
0 520	0	0	0	0	0	0
0 560	0	0	0	0	0	0
0 600	0	0	0	0	0	0
0 640	0	0	0	0	0	0
0 680	0	0	0	0	0	0
0 720	0	0	0	0	0	0
0 760	0	0	0	0	0	0
40 0	0	0	0	0	0	0
40 40	0	0	0	0	0	0
40 80	0	0	0	0	646.571	0
40 120	504.702	194.94	255.939	295.614	141.542	168.13
40 160	215.418	173.731	174.194	120.376	96.6859	165.739
40 200	125.43	102.591	138.624	163.59	105.294	85.8789
40 240	105.039	94.2054	86.4109	81.3112	73.0152	92.7697
40 280	59.0355	58.6634	82.992	36.9395	63.4059	55.7237
40 320	23.695	17.5597	44.0587	13.958	20.5499	31.565
40 360	0	0	0	0	0	0
40 400	0	0	0	0	0	0
40 440	0	0	0	0	0	0
40 480	0	0	0	0	0	0
40 520	0	0	0	0	0	0
40 560	0	0	0	0	0	0
40 600	0	0	0	0	0	0
40 640	0	0	0	0	0	0
40 680	0	0	0	0	0	0
40 720	0	0	0	0	0	0
40 760	0	0	0	0	0	0
80 0	0	0	0	0	0	0
80 40	0	0	0	0	0	0
80 80	0	0	0	0	0	0
80 120	783.912	62.5449	324.987	368.487	82.7524	142.753
80 160	326.288	224.324	149.994	214.002	120.395	130.156
80 200	167.985	117.471	107.305	133.138	88.2222	77.8207
80 240	100.646	50.3793	60.5746	71.6702	50.6407	57.5075
80 280	26.6534	31.5289	34.7862	35.5761	17.6962	26.8914
80 320	20.1502	24.2901	32.3877	16.9548	18.2089	32.3591
80 360	10.8736	14.7674	33.6024	10.2626	10.6233	25.4446
80 400	6.35771	7.1227	24.1614	5.06107	7.4722	20.7682
80 440	2.06407	3.60355	14.842	2.95689	3.65791	13.2754
80 480	1.46969	2.18328	10.476	0.83853	1.55849	9.02574
80 520	0.431072	0.733485	3.09131	0.51259	0.462601	3.1678
80 560	0	0	0	0	0	0
80 600	0	0	0	0	0	0
80 640	0	0	0	0	0	0
80 680	0	0	0	0	0	0
80 720	0	0	0	0	0	0
80 760	0	0	0	0	0	0
120 0	0	0	0	0	0	0
120 40	0	0	0	0	0	0
120 80	473.084	0	0	0	0	0
120 120	128.311	175.636	76.1387	245.388	230.137	53.342
120 160	311.665	80.1393	162.173	151.472	139.173	66.5475
120 200	131.646	151.894	69.9504	137.529	70.2689	78.2334
120 240	128.869	98.2082	73.0929	106.397	89.9366	83.3757
120 280	68.1125	66.6281	77.3784	78.9042	56.6974	81.5361
120 320	44.9417	41.1518	56.4067	37.6446	34.6937	50.3938
120 360	17.3178	19.796	36.7758	18.6134	17.9236	40.2229
120 400	9.18197	11.7965	32.6003	8.88133	9.06928	25.2109
120 440	4.91412	5.38331	24.6052	4.28204	7.60125	21.8605
120 480	2.92648	4.4599	17.7688	2.39015	3.62212	15.5596
120 520	1.10961	1.98279	8.4829	0.997338	1.447	7.27984
120 560	0.811152	1.17016	5.98534	0.759671	1.17098	4.91274
120 600	0.428213	0.497802	3.57634	0.349445	0.522279	3.66036
120 640	0.0366232	0.101026	0.620556	0.0214499	0.0721905	0.524873
120 680	0.0396571	0.0692635	0.657482	0.0293646	0.0662728	0.523334
120 720	0	0	0	0	0	0
120 760	0	0	0	0	0	0
160 0	0	0	0	0	0	0
160 40	0	0	0	0	0	0
160 80	255.813	0	0	0	0	0
160 120	242.115	193.514	170.003	225.541	142.42	121.659
160 160	286.748	133.101	75.0603	131.517	90.9805	73.3703
160 200	111.841	137.237	75.6681	143.34	75.9617	77.0542
160 240	109.288	68.0234	51.0774	95.8428	88.5665	46.2538
160 280	20.7574	11.2645	30.2481	18.0216	23.597	10.6068
160 320	27.3853	24.8411	27.3966	13.5456	17.1033	26.0353
160 360	9.98269	12.8355	23.2805	8.17385	7.30923	18.9423
160 400	2.61207	2.73869	6.36582	2.69165	2.69524	4.60138
160 440	1.81883	3.11007	9.21289	1.5209	2.71836	8.75689
160 480	1.39658	1.29339	6.5278	0.815861	1.23295	5.2565
160 520	0.662889	0.859898	4.19927	0.410095	0.688058	3.28823
160 560	0.339302	0.483565	2.82448	0.274954	0.28304	2.56318
160 600	0.277778	0.385897	2.59419	0.323916	0.271929	2.36821
160 640	0.198506	0.323503	2.05463	0.125956	0.202056	1.8775
160 680	0.0672315	0.127725	1.34779	0.0564887	0.117783	1.12414
160 720	0.0158542	0.0476439	0.733215	0.0302245	0.0509295	0.580846
160 760	0.0195468	0.024225	0.223715	0.0185151	0.0153986	0.193998
200 0	0	0	0	0	0	0
200 40	0	0	0	0	0	0
200 80	0	0	0	0	0	0
200 120	222.831	59.5727	44.8459	110.439	20.7475	20.7475
200 160	159.779	68.4416	6.41494	84.2398	66.4085	12.4763
200 200	75.5697	49.6599	35.0411	59.9031	48.7983	23.4652
200 240	48.5143	33.0624	17.1301	40.8273	33.8213	22.2769
200 280	37.1603	26.1271	24.2276	22.8326	21.6399	18.6749
200 320	34.1575	31.014	44.2291	27.7432	30.9458	40.6493
200 360	19.0492	16.0433	25.852	14.9309	14.9833	24.5802
200 400	10.8789	11.3667	27.6743	8.72311	10.812	22.6731
200 440	4.66006	5.84259	19.8154	4.00995	5.5449	15.9767
200 480	2.63493	3.19333	13.6117	2.09824	2.66037	8.96985
200 520	1.06733	1.43901	6.6555	0.975638	1.02543	6.14914
200 560	0.40863	0.973149	5.0888	0.371028	0.586359	4.05015
200 600	0.355307	0.453947	3.34405	0.168298	0.406497	2.73633
200 640	0.160043	0.291971	2.09332	0.120667	0.166308	1.77944
200 680	0.0748062	0.159878	1.2258	0.0525789	0.0706095	0.89141
200 720	0.044897	0.0716736	0.659077	0.0486038	0.0695023	0.590546
200 760	0.0138717	0.0479427	0.223439	0.0133585	0.0176558	0.192645
240 0	0	0	0	0	0	0
240 40	0	0	0	0	0	0
240 80	150.718	0	0	0	0	0
240 120	186.777	133.936	70.7863	276.661	173.909	79.339
240 160	223.859	118.795	66.7717	149.355	116.488	71.3683
240 200	169.587	87.3024	77.3961	90.5451	102.065	57.4046
240 240	99.3208	75.964	61.9891	84.4172	59.645	46.3714
240 280	83.0161	55.1071	52.0597	52.7416	39.0494	53.7177
240 320	29.4012	42.9653	46.8347	25.7078	27.5904	32.9548
240 360	17.4037	17.9903	32.0714	14.5404	16.6647	30.0602
240 400	9.34057	11.1863	26.614	7.58255	10.1671	21.7642
240 440	4.96418	5.89439	17.5085	4.46065	4.90554	14.7879
240 480	2.33508	2.71841	10.3645	1.81354	3.00858	9.23038
240 520	0.966954	1.39259	4.79263	0.865551	0.949505	5.09008
240 560	0.673447	0.784209	4.25519	0.41385	0.789573	3.49017
240 600	0.370382	0.401219	2.27059	0.299458	0.290496	2.19244
240 640	0.0802831	0.235861	1.23183	0.106075	0.150519	1.14909
240 680	0.0911825	0.146451	0.986167	0.0858507	0.0997017	0.857587
240 720	0.0340272	0.0721135	0.623983	0.0459458	0.0451133	0.538616
240 760	0.0181395	0.0254711	0.175976	0.00930383	0.0113251	0.187675
280 0	0	0	0	0	0	0
280 40	0	0	0	0	0	0
280 80	0	0	0	2787.72	0	0
280 120	226.818	72.3316	64.7489	277.425	18.3818	15.5268
280 160	361.934	155.229	77.5155	244.929	120.088	61.1255
280 200	175.645	99.0836	72.1905	117.149	94.1616	56.3375
280 240	92.1042	57.7376	43.0537	86.4525	73.7406	45.664
280 280	52.1877	53.7167	59.4452	62.0891	52.4313	43.4029
280 320	45.1211	38.6125	46.5622	33.7339	33.7149	43.0223
280 360	18.348	18.8925	36.398	14.4548	16.9125	31.7184
280 400	9.22586	10.1733	22.7336	6.55679	7.51568	21.1109
280 440	4.53957	5.75676	14.7101	3.34748	3.84266	11.7733
280 480	2.00875	2.45574	10.1077	1.712	2.14389	8.5439
280 520	0.973287	1.53657	6.06768	1.07475	1.12827	4.88793
280 560	0.514709	0.750222	4.11794	0.375	0.751453	3.5629
280 600	0.303103	0.304122	2.3685	0.309679	0.40173	2.06704
280 640	0.104471	0.228823	1.46383	0.167931	0.19151	1.33169
280 680	0.0551024	0.140421	0.786304	0.0520669	0.0740188	0.657744
280 720	0.0335196	0.0653683	0.475687	0.0296038	0.0303822	0.417093
280 760	0.00304401	0.00245421	0.11628	0.00248103	0.00621401	0.0706243
320 0	0	0	0	0	0	0
320 40	0	0	0	0	0	0
320 80	208.693	46.8239	85.5938	171.188	46.8239	44.4868
320 120	190.886	102.55	36.9453	176.151	134.278	12.1431
320 160	232.437	166.132	49.8602	197.887	109.087	56.9153
320 200	154.448	94.393	62.8419	151.87	102.168	68.6391
320 240	108.33	63.9241	66.6642	86.6859	64.7431	54.9906
320 280	73.06	61.0308	60.3159	67.0176	49.7399	48.5822
320 320	41.5281	35.8483	45.8074	31.2409	29.2787	39.1537
320 360	19.3862	22.8949	34.9761	15.3625	17.1823	29.6107
320 400	7.58597	9.72711	24.624	6.62586	7.87656	21.9059
320 440	4.43928	4.63555	15.618	3.53371	4.20259	12.1572
320 480	2.0273	2.97453	9.29123	1.34994	2.09509	8.16286
320 520	1.08794	1.23214	4.99281	0.570371	1.21982	4.91476
320 560	0.471882	0.594682	3.65058	0.420411	0.445943	3.16604
320 600	0.216269	0.366266	1.8451	0.187039	0.239723	1.66312
320 640	0.100887	0.315513	1.14583	0.154151	0.19498	1.02272
320 680	0.0635286	0.107723	0.798335	0.0869095	0.0732388	0.636957
320 720	0.0280869	0.0690729	0.405497	0.0233221	0.0514234	0.459127
320 760	0.0115681	0.0141284	0.126315	0.0104075	0.00308619	0.162052
360 0	0	0	0	0	0	0
360 40	0	0	0	0	0	0
360 80	0	74.8287	0	0	0	0
360 120	187.742	0	36.5442	95.888	0	0
360 160	58.3949	29.6887	37.3316	74.8387	28.3592	17.7216
360 200	65.7175	44.8444	25.8273	76.5778	31.1016	35.3317
360 240	53.9352	37.1821	35.8355	40.9957	32.4953	24.4114
360 280	45.2094	50.2997	45.3802	44.2708	38.6817	36.0507
360 320	38.2655	41.539	47.979	27.5792	28.1742	41.2943
360 360	20.2359	16.603	33.3072	14.4513	16.4553	30.0847
360 400	5.97225	6.36136	15.6112	3.70267	5.91733	14.4075
360 440	4.16762	4.80265	14.8001	3.49945	4.0211	13.855
360 480	1.98212	2.31647	9.09776	1.42948	1.88149	8.14371
360 520	0.790078	1.47277	5.79667	0.666358	1.01291	4.72023
360 560	0.384496	0.610394	3.21203	0.39035	0.528271	2.8829
360 600	0.214817	0.373912	1.76121	0.230041	0.236922	1.70705
360 640	0.0651551	0.237585	1.25983	0.0694589	0.230032	1.07993
360 680	0.0786966	0.0877291	0.664518	0.0734373	0.118409	0.619171
360 720	0.0332489	0.0479067	0.455015	0.0240581	0.0416791	0.376188
360 760	0.0249375	0.00639828	0.0399614	0.0108947	0.00327101	0.0688139
400 0	0	0	0	0	0	0
400 40	0	0	0	0	0	0
400 80	68.0162	0	0	0	61.5658	0
400 120	160.065	104.395	87.0763	157.523	39.843	11.0272
400 160	187.73	57.0243	29.5381	179.846	73.3792	51.6554
400 200	152.915	70.8277	61.0584	161.881	62.7118	42.8119
400 240	86.4079	59.2635	54.1514	94.7871	73.9061	53.3223
400 280	67.6664	63.9799	69.2399	56.7367	42.9612	54.3506
400 320	38.4599	35.1235	55.4709	31.1424	31.1159	45.3643
400 360	16.2961	21.1157	36.3353	16.7982	16.915	28.8631
400 400	7.67135	10.1385	23.4935	6.00331	8.16941	18.7048
400 440	2.98406	3.9204	11.1016	2.68757	3.40289	9.17787
400 480	1.83689	1.86088	8.94545	1.1954	2.20713	8.051
400 520	1.15026	1.20172	5.01154	0.563652	0.495367	4.45936
400 560	0.185891	0.245498	1.74952	0.186698	0.314274	1.34744
400 600	0.285505	0.274647	1.83004	0.29174	0.309856	1.55102
400 640	0.105395	0.176368	1.04958	0.102669	0.173539	0.985762
400 680	0.123505	0.0707972	0.580373	0.0450655	0.0716258	0.568193
400 720	0.0334688	0.0498425	0.431957	0.0275913	0.0383824	0.365912
400 760	0.0156869	0.0189654	0.127827	0.0067817	0.0290287	0.129876
440 0	0	0	0	0	0	0
440 40	0	0	0	0	0	0
440 80	136.183	65.4503	0	0	75.1947	0
440 120	184.533	41.0726	22.8273	132.949	82.2884	21.415
440 160	177.6	87.8627	47.1777	206.608	66.1877	40.8923
440 200	136.176	65.4276	41.4333	116.27	67.6188	34.2751
440 240	98.3466	48.5549	56.2733	88.6273	54.4722	44.2034
440 280	58.1442	61.6895	59.9128	63.2827	54.7854	47.6828
440 320	20.3064	15.4339	22.4594	20.9557	9.70636	22.6667
440 360	9.4045	7.2215	18.0071	6.02923	6.65351	14.1281
440 400	4.1378	4.79979	10.5275	2.91912	4.31951	9.86104
440 440	1.98506	2.06521	7.02009	1.48825	2.60687	6.52439
440 480	0.727842	1.36179	4.00292	0.739217	1.00645	3.71016
440 520	0.341875	0.63903	2.18076	0.378277	0.455866	2.12563
440 560	0.075089	0.388756	1.46713	0.193042	0.28511	1.44094
440 600	0.0810866	0.170494	1.00799	0.091149	0.0721495	0.855127
440 640	0.0337397	0.0419958	0.487769	0.0487134	0.050042	0.422161
440 680	0.0357422	0.0261018	0.307886	0.0228768	0.0623968	0.242519
440 720	0.0149141	0.0124347	0.16849	0.01266	0.0198517	0.158844
440 760	0.00449856	0.00715517	0.0474375	0.00507678	0.00416967	0.0462387
480 0	0	0	0	0	0	0
480 40	0	0	0	0	0	0
480 80	106.517	0	0	229.897	53.5017	0
480 120	244.479	72.7446	23.9044	183.203	36.6287	51.5963
480 160	249.518	41.47	60.072	212.924	59.0551	41.8252
480 200	164.695	84.4899	44.6253	95.058	53.5287	48.8775
480 240	113.403	64.0029	57.4742	78.2451	49.695	44.0023
480 280	57.3134	50.2948	53.7444	51.577	42.8603	51.6131
480 320	36.8633	32.3055	50.6739	34.0682	29.9204	40.0153
480 360	14.9379	19.5897	34.0356	14.9627	16.1351	29.3573
480 400	7.86664	9.17995	22.9601	8.04219	6.57125	19.4044
480 440	3.03046	3.81804	10.4153	2.25641	3.15126	8.44516
480 480	1.62129	2.74601	8.22014	1.25477	2.02004	7.92899
480 520	0.78225	1.13001	4.84968	0.842979	0.979391	4.13652
480 560	0.360119	0.617457	2.79478	0.272798	0.682815	2.45886
480 600	0.237685	0.266328	1.88016	0.185599	0.23399	1.32003
480 640	0.087088	0.115605	0.954983	0.106316	0.106712	0.828967
480 680	0.0572685	0.0367541	0.542487	0.0542812	0.0836892	0.477686
480 720	0.0172759	0.058097	0.311662	0.0197529	0.020359	0.2937
480 760	0	0	0	0	0	0
520 0	0	0	0	0	0	0
520 40	0	0	0	0	0	0
520 80	112.352	0	0	110.041	51.1707	0
520 120	182.598	140.884	94.2061	208.561	61.8622	71.0187
520 160	203.397	68.6859	54.4886	179.183	74.4856	43.7164
520 200	126.884	78.2571	44.9099	110.959	47.5758	28.3927
520 240	96.5547	51.5596	50.9989	86.1799	47.4078	36.5512
520 280	61.3284	48.1468	47.5189	49.7903	35.1693	44.0093
520 320	31.8761	34.114	39.0778	28.1691	29.5102	39.0886
520 360	17.2906	17.3628	32.7387	13.6285	17.4221	29.6546
520 400	7.0777	8.27037	22.5386	6.47609	7.51796	18.9719
520 440	3.1587	4.62613	13.4753	2.99996	3.47172	11.3238
520 480	2.09922	1.79055	7.59279	1.41679	1.33655	6.67006
520 520	0.73916	0.732058	3.65768	0.591786	0.916588	2.43828
520 560	0.244338	0.483289	2.31192	0.209295	0.369001	1.6142
520 600	0.0792741	0.149932	0.811456	0.114541	0.125967	0.75475
520 640	0.108771	0.128303	0.919852	0.0400072	0.0835571	0.803193
520 680	0.022348	0.0400503	0.215211	0.0214555	0.0184933	0.247184
520 720	0.0285829	0.0288351	0.258996	0.0294753	0.0183467	0.167859
520 760	0.00235946	0.00588973	0.0501876	0.0059436	0.00940242	0.0513569
560 0	0	0	0	0	0	0
560 40	0	0	0	0	0	0
560 80	251.747	233.805	0	38.9917	42.111	0
560 120	169.83	16.8583	70.7472	260.664	68.2396	73.8236
560 160	194.27	64.9998	44.9969	139.154	73.914	31.6127
560 200	119.967	57.3579	46.6083	100.738	58.3692	49.2692
560 240	81.174	60.2349	34.2793	78.1668	35.924	34.2367
560 280	60.9922	41.583	40.398	45.6542	36.2082	32.0223
560 320	35.9961	33.7976	43.8739	25.7871	26.1952	33.7961
560 360	19.4484	17.7515	33.0631	12.6578	14.2645	25.793
560 400	6.88233	9.19152	20.5033	6.44057	7.45814	18.0279
560 440	3.13418	4.00791	12.8279	2.68257	3.057	11.2189
560 480	1.28454	2.05136	8.14221	1.19125	1.82368	6.35241
560 520	0.716343	0.933029	4.75366	0.564511	1.01427	3.80459
560 560	0.157287	0.274624	1.41602	0.117096	0.167772	1.29072
560 600	0.0396662	0.0998835	0.703442	0.0567155	0.0814931	0.705313
560 640	0.0947345	0.121193	0.886216	0.0787755	0.0727725	0.693945
560 680	0.0454226	0.0601791	0.481625	0.0398228	0.0671021	0.402608
560 720	0.0102485	0.0429972	0.252839	0.0332589	0.018736	0.241182
560 760	0.0101866	0.0181239	0.10743	0.00279673	0.00948407	0.0777386
600 0	0	0	0	0	0	0
600 40	0	0	0	0	0	0
600 80	0	131.567	111.648	41.8816	0	0
600 120	216.201	61.4895	24.1687	137.792	86.7761	44.5001
600 160	109.515	37.3631	20.6793	113.016	25.839	20.8697
600 200	122.013	53.0753	53.1426	98.6417	70.3485	40.376
600 240	86.1797	47.9503	35.805	59.7665	41.6621	30.4401
600 280	51.0834	35.7306	32.6256	48.9462	32.8519	34.2827
600 320	26.126	21.1168	24.6633	23.2126	16.6116	24.9544
600 360	19.0285	18.395	31.9414	14.0162	12.7608	27.3403
600 400	7.07477	8.2923	19.4711	5.58932	7.29541	18.0573
600 440	3.30277	3.96263	11.7265	2.75127	3.03679	9.79043
600 480	1.52706	1.80014	6.53993	0.935281	1.45171	6.39745
600 520	0.703998	0.621359	5.08303	0.644272	0.752627	3.70062
600 560	0.204801	0.167424	1.23521	0.108925	0.150109	1.12849
600 600	0.0935695	0.165181	1.07585	0.109613	0.167502	0.971238
600 640	0.0528766	0.103916	0.68106	0.0406515	0.0919799	0.451267
600 680	0.0448696	0.0422216	0.292973	0.0244388	0.0444228	0.289648
600 720	0.013245	0.0134435	0.193871	0.0147223	0.0147723	0.153478
600 760	0.00939896	0.0128718	0.0831166	0.00185197	0.00791437	0.0698689
640 0	0	0	0	0	0	0
640 40	0	0	0	0	0	0
640 80	135.154	0	0	151.407	0	0
640 120	16.6153	7.50121	35.6211	66.5492	7.50121	0
640 160	156.279	68.8053	26.4577	111.569	56.863	30.8117
640 200	101.954	49.8692	31.2256	78.5181	48.0459	22.4457
640 240	93.6613	38.8082	27.8589	58.7261	39.5203	35.2957
640 280	52.7076	36.3655	27.653	41.9521	30.9807	30.3702
640 320	21.793	14.8852	22.9701	17.008	12.449	21.4267
640 360	18.4109	16.1635	26.3425	12.0939	13.1546	27.3602
640 400	7.51781	8.38823	18.9154	6.50859	7.09454	17.3076
640 440	2.44438	2.92966	7.99456	2.13204	2.35667	6.87456
640 480	1.58702	1.86692	6.63314	1.41621	1.35422	5.83015
640 520	0.380816	0.450218	2.31297	0.178702	0.395541	1.49747
640 560	0.110418	0.216973	1.07951	0.117026	0.157466	0.902472
640 600	0.118499	0.109619	0.704509	0.023747	0.0999085	0.505204
640 640	0.0369329	0.0483756	0.364859	0.0233549	0.0386593	0.284734
640 680	0.0249719	0.0323665	0.188401	0.0143661	0.0259781	0.225807
640 720	0.00405598	0.00728474	0.0721523	0.00424112	0.0142929	0.0815216
640 760	0.00798336	0.0133996	0.0836364	0	0.00549323	0.0536844
680 0	0	0	0	0	0	0
680 40	0	0	0	0	0	0
680 80	47.8101	43.4661	0	573.353	0	0
680 120	182.677	29.0885	26.6793	132.995	51.5684	0
680 160	146.35	50.688	33.5755	120.736	32.7307	37.2991
680 200	103.364	37.1113	42.6703	91.6473	44.66	32.2953
680 240	70.1336	38.3106	25.5355	54.8486	39.286	31.3626
680 280	36.4025	28.5201	21.0481	38.5457	28.5879	22.6186
680 320	23.9948	19.3032	23.2431	20.5548	18.1467	22.2649
680 360	15.6284	14.0163	24.0088	11.6335	11.241	18.6487
680 400	7.19047	8.62217	17.5677	5.75452	7.77625	15.7196
680 440	2.49772	2.88936	8.41775	1.50111	2.33386	7.88708
680 480	1.3247	1.72323	6.59173	0.929311	1.29074	6.1827
680 520	0.84861	0.813431	4.27994	0.47492	0.644812	3.00558
680 560	0.266074	0.342078	1.70981	0.23522	0.190054	1.34339
680 600	0.212514	0.138257	1.28967	0.159798	0.154046	1.04297
680 640	0.0924941	0.115232	0.817028	0.0682153	0.0887956	0.623192
680 680	0.0339546	0.0397665	0.247144	0.0279183	0.0326297	0.244489
680 720	0.0239816	0.0445583	0.175376	0.0166941	0.01795	0.168171
680 760	0.00487384	0.0099494	0.0750302	0.0061645	0.0110868	0.0640423
720 0	0	0	0	0	0	0
720 40	0	0	0	0	0	0
720 80	0	85.4393	38.8516	84.0044	40.2865	0
720 120	74.3876	104.304	13.4617	99.9694	46.9994	8.23212
720 160	143.464	27.7006	41.2601	114.35	67.2333	51.9085
720 200	100.613	41.7156	35.3517	77.5188	36.7752	37.7498
720 240	71.7841	40.19	30.8905	53.7258	30.0377	22.3126
720 280	37.6214	27.3952	25.2748	30.709	24.6687	24.3781
720 320	22.8949	16.7629	20.1472	17.79	16.5135	18.138
720 360	12.7558	14.4345	21.4703	10.9069	10.1149	18.444
720 400	3.20624	4.31988	8.18616	3.13696	3.55924	6.8798
720 440	1.4756	1.73654	6.47399	1.56395	1.77044	4.51599
720 480	0.81019	1.11877	3.41184	0.633543	0.766527	2.98356
720 520	0.221346	0.450413	1.61671	0.262392	0.421527	1.6026
720 560	0.0448988	0.0542021	0.62843	0.0343691	0.0719287	0.525263
720 600	0.0240603	0.0453145	0.263364	0.0245604	0.0408524	0.191295
720 640	0.0477607	0.0905316	0.672377	0.0552065	0.0771188	0.588324
720 680	0.0254298	0.0565736	0.354989	0.0195319	0.0292131	0.254691
720 720	0.0297891	0.0198928	0.22993	0.00969914	0.0210792	0.190831
720 760	0.00722248	0.0115775	0.0931231	0.00327442	0.0122423	0.0552011
760 0	0	0	0	0	0	0
760 40	4270.83	0	0	0	0	0
760 80	223.588	43.636	0	0	0	43.636
760 120	195.438	72.5306	36.4111	136.915	52.6222	40.5045
760 160	112.554	51.693	42.0861	97.8236	50.2336	29.1627
760 200	87.4666	41.9799	18.8715	80.3959	41.1736	30.3583
760 240	57.5033	39.0878	23.5794	52.8417	26.3034	23.7283
760 280	40.1477	27.8163	22.1865	28.5865	20.3488	20.4657
760 320	21.2201	17.432	19.1936	16.2029	12.7235	15.1328
760 360	10.7651	10.2593	16.8896	9.82269	8.33133	15.058
760 400	6.7391	6.54648	13.5499	4.98938	5.49734	10.4339
760 440	3.71137	4.00745	10.0347	2.72035	2.83572	8.44378
760 480	1.2364	2.01355	6.35382	1.05946	1.41446	5.36087
760 520	0.503147	0.687782	3.69764	0.567961	0.557275	2.85681
760 560	0.342517	0.440746	2.04282	0.253232	0.299979	1.80306
760 600	0.13428	0.174291	1.05986	0.166723	0.123014	0.930193
760 640	0.0812146	0.120998	0.649657	0.0553867	0.0936152	0.512197
760 680	0.0434599	0.0369503	0.341587	0.0222027	0.0529128	0.256142
760 720	0.0232189	0.0239299	0.211834	0.0124487	0.0230704	0.176719
760 760	0.00416559	0.0102728	0.0699233	0.00793708	0.0140078	0.0630286
800 0	0	0	0	0	0	0
800 40	0	0	0	0	0	0
800 80	80.9627	120.588	37.1889	80.9627	0	39.2043
800 120	134.999	74.7951	26.5265	169.181	39.4297	17.0783
800 160	153.67	68.6429	27.7049	148.022	28.4057	21.5094
800 200	74.1498	32.8993	33.2325	62.5489	28.5042	23.5348
800 240	58.154	24.9736	25.829	37.8874	24.4024	26.4997
800 280	30.0408	22.9309	22.0911	20.8446	16.8083	18.9972
800 320	16.906	12.6458	18.7367	15.9971	11.5317	14.2604
800 360	10.7399	8.38051	15.4957	8.52945	8.07301	11.3624
800 400	5.74284	5.5473	11.6506	5.34993	4.50642	9.70872
800 440	2.65356	3.02258	8.73984	2.43475	2.6653	7.60262
800 480	0.989224	1.16912	3.88837	1.05282	1.12638	3.53619
800 520	0.658543	0.683588	3.37827	0.34027	0.613031	2.83767
800 560	0.254126	0.31179	1.84754	0.196791	0.27109	1.68459
800 600	0.0804105	0.2244	1.06581	0.145128	0.176851	0.995306
800 640	0.100507	0.0845794	0.544234	0.0496366	0.0767357	0.482356
800 680	0.036072	0.0409672	0.316269	0.0203243	0.048587	0.25161
800 720	0.0110136	0.00744706	0.129092	0.00900946	0.0181395	0.123523
800 760	0.00061889	0.0063419	0.03213	0.00595737	0.00266924	0.0334871
840 0	0	0	0	0	0	0
840 40	0	0	0	0	0	0
840 80	39.6525	0	0	39.6525	0	0
840 120	105.295	33.1773	8.30592	152.221	13.8296	20.5363
840 160	81.1645	47.03	26.975	58.5788	35.5079	19.02
840 200	54.4695	17.0767	13.059	46.8442	17.4553	20.2604
840 240	43.9176	23.241	23.4104	36.5593	23.1238	23.6807
840 280	29.0539	20.7828	19.6033	27.9336	18.202	14.0032
840 320	20.3251	12.9914	12.1369	12.8383	11.3981	12.1629
840 360	10.5156	7.94468	12.1632	9.44453	7.12453	9.92447
840 400	5.48213	5.36922	9.96786	4.73589	3.67157	9.15697
840 440	2.92574	3.24167	8.27376	1.9762	2.59015	5.70201
840 480	1.03067	1.60559	4.57885	0.986418	0.977845	4.57228
840 520	0.380524	0.510891	2.12501	0.396509	0.38759	2.28593
840 560	0.077482	0.155246	0.884979	0.0902162	0.155908	0.789286
840 600	0.0652382	0.103644	0.54296	0.0300808	0.076398	0.466732
840 640	0.0168118	0.0113382	0.2314	0.011068	0.0839589	0.288381
840 680	0.010473	0.0252207	0.165719	0.0054526	0.0166724	0.157905
840 720	0.00984975	0.00878608	0.0742699	0.0159068	0.0119271	0.0693618
840 760	0.00331538	0.00155225	0.0344691	0.000987791	0.00325485	0.0231874
880 0	0	0	0	0	0	0
880 40	0	0	0	0	0	0
880 80	73.3211	44.8222	0	254.678	0	44.8222
880 120	0	0	0	0	0	0
880 160	0	0	0	0	0	0
880 200	0	0	0	0	0	0
880 240	0	0	0	0	0	0
880 280	21.5058	16.3341	18.1706	18.6861	12.7984	7.18053
880 320	12.5004	11.3126	13.9736	10.2641	10.1436	12.4729
880 360	5.13028	5.53136	7.51965	4.95881	4.54897	7.0417
880 400	4.55162	4.3847	7.45711	2.8634	3.6376	6.77438
880 440	2.65519	2.94603	7.28586	2.20241	2.00742	5.25096
880 480	1.06181	1.02658	3.30284	0.775635	0.746298	2.69667
880 520	0.024098	0.0623867	1.02599	0.103894	0.218102	0.571291
880 560	0	0	0	0	0	0
880 600	0	0	0	0	0	0
880 640	0	0	0	0	0	0
880 680	0	0	0	0	0	0
880 720	0	0	0	0	0	0
880 760	0	0	0	0	0	0
920 0	0	0	0	0	0	0
920 40	0	0	0	0	0	0
920 80	0	0	0	0	0	29.4777
920 120	0	0	0	0	0	0
920 160	0	0	0	0	0	0
920 200	0	0	0	0	0	0
920 240	0	0	0	0	0	0
920 280	0	0	0	0	0	0
920 320	17.6915	10.4287	11.1157	10.7515	10.0199	12.23
920 360	5.33353	5.2869	6.71398	5.11919	3.42334	5.27111
920 400	3.46797	3.50042	6.82265	3.20978	3.08218	6.22422
920 440	2.39655	2.18468	5.4852	1.84849	1.85753	4.3114
920 480	0.7696	1.27502	2.8395	0.767526	0.881035	2.40097
920 520	0	0	0	0	0	0
920 560	0	0	0	0	0	0
920 600	0.0141599	0.0478041	0.360424	0.0936161	0.0665591	0.327108
920 640	0	0	0	0	0	0
920 680	0	0	0	0	0	0
920 720	0	0	0	0	0	0
920 760	0	0	0	0	0	0
960 0	0	0	0	0	0	0
960 40	0	0	0	0	0	0
960 80	0	0	0	0	0	0
960 120	0	0	0	0	0	0
960 160	0	0	0	0	0	0
960 200	0	0	0	0	0	0
960 240	0	0	0	0	0	0
960 280	5.03791	2.16005	6.57401	3.42865	3.08642	1.53264
960 320	9.36775	9.09221	7.90627	6.30261	7.583	10.4789
960 360	5.81537	5.39986	9.18281	5.56228	5.11562	6.1914
960 400	1.84195	1.84315	3.09428	1.16432	1.14412	2.96425
960 440	1.07134	1.35183	2.92415	0.836991	1.05837	2.04831
960 480	0	0	0	0	0	0
960 520	0	0	0	0	0	0
960 560	0	0	0	0	0	0
960 600	0	0	0	0	0	0
960 640	0	0	0	0	0	0
960 680	0	0	0	0	0	0
960 720	0	0	0	0	0	0
960 760	0.00447468	0.00121942	0.0163378	0	0	0.0184811
1000 0	0	0	0	0	0	0
1000 40	0	0	0	0	0	0
1000 80	71.614	0	10.2456	78.7861	0	0
1000 120	64.6042	26.521	18.9908	53.0428	7.3752	17.9601
1000 160	38.7811	7.97186	11.1293	37.5104	10.7394	3.93577
1000 200	21.5517	7.98716	9.69237	20.5415	13.3184	6.01516
1000 240	19.4132	7.88597	17.2409	8.87957	3.72895	4.32096
1000 280	7.43678	6.17674	6.782	6.98636	6.18094	5.22234
1000 320	12.9405	9.27146	9.36781	9.86352	7.28136	6.98834
1000 360	6.06357	5.73742	8.19751	4.01218	5.1727	5.86296
1000 400	3.50333	2.61506	5.24295	2.67943	2.85225	5.74049
1000 440	1.71942	1.8207	4.16158	1.11027	1.03162	3.95714
1000 480	0.84941	0.889921	2.91443	0.887554	0.862246	2.89729
1000 520	0.528323	0.493572	2.074	0.219943	0.39716	1.98557
1000 560	0.201357	0.228049	1.22623	0.145075	0.170735	1.2197
1000 600	0.124348	0.0908449	0.72183	0.144419	0.153432	0.6368
1000 640	0.0376493	0.0441655	0.417891	0.0292377	0.0521726	0.418891
1000 680	0.0180414	0.0371074	0.259986	0.0209041	0.0480843	0.177254
1000 720	0.00693388	0.0187253	0.151506	0.00969437	0.0155009	0.116435
1000 760	0.0026583	0.0097686	0.04491	0.00374679	0.00833802	0.0340197
1040 0	0	0	0	0	0	0
1040 40	0	0	0	0	0	0
1040 80	82.7192	0	0	101.703	102.868	0
1040 120	103.329	51.415	40.9041	45.0692	20.2084	22.6821
1040 160	64.5605	42.186	28.4905	58.8652	20.0188	22.7744
1040 200	47.9033	19.308	19.8957	44.392	27.1597	14.9582
1040 240	27.8913	15.1755	10.0249	30.5593	12.6361	12.6561
1040 280	17.4826	10.2792	11.234	16.3455	10.6963	10.9582
1040 320	11.4049	7.15119	7.98999	7.62842	7.65623	9.02834
1040 360	5.00112	3.55088	6.70245	3.98448	4.68247	4.92624
1040 400	2.20605	2.31665	3.66832	1.56457	1.69002	3.06058
1040 440	1.31583	1.15782	3.77132	1.33215	1.19493	2.54424
1040 480	0.751426	1.05501	2.76115	0.849546	0.637634	2.28802
1040 520	0.281781	0.445064	1.38608	0.260135	0.494798	1.19144
1040 560	0.216105	0.268736	1.17062	0.174527	0.236574	0.925606
1040 600	0.110631	0.112084	0.615096	0.0797234	0.123969	0.533327
1040 640	0.0331484	0.0469269	0.253303	0.0264737	0.0395498	0.281596
1040 680	0.0242322	0.038205	0.216141	0.0109948	0.0322585	0.21478
1040 720	0.0126569	0.0197306	0.109429	0.0138607	0.014009	0.128421
1040 760	0.00362379	0.00435145	0.0506422	0.00251406	0.00470279	0.0266964
1080 0	0	0	0	0	0	0
1080 40	0	0	0	0	0	0
1080 80	0	0	0	71.6693	129.107	35.8347
1080 120	35.4033	61.5642	49.8465	80.2195	13.9893	19.5446
1080 160	79.8392	13.7928	24.5559	67.9373	26.2808	17.7162
1080 200	47.1376	18.5427	18.967	29.4021	19.4983	16.4171
1080 240	27.8662	16.3722	11.8833	23.6785	16.7094	11.5971
1080 280	17.5745	11.6324	9.33722	14.1966	9.08205	6.93714
1080 320	8.29652	7.37788	8.31828	7.90136	7.23006	8.2136
1080 360	4.46667	2.79684	4.71207	5.47679	2.96236	6.18614
1080 400	3.09251	1.73565	4.20618	2.29593	2.27115	4.80289
1080 440	0.525172	0.638568	1.45917	0.421608	0.643859	1.40654
1080 480	0.508897	0.3035	1.26961	0.146656	0.212534	1.01524
1080 520	0.208402	0.215575	0.85529	0.128896	0.108469	0.811526
1080 560	0.103271	0.10125	0.463085	0.0788023	0.0544314	0.383902
1080 600	0.0511594	0.0602173	0.274243	0.0381643	0.0486109	0.173335
1080 640	0.0195869	0.0392974	0.166907	0.00834075	0.0236736	0.141545
1080 680	0.0228165	0.0176011	0.167534	0.0169266	0.00908269	0.185397
1080 720	0.00540999	0.0316879	0.118935	0.00792142	0.0211333	0.106659
1080 760	0.00268354	0.00782565	0.0518821	0	0.00297434	0.0310076
1120 0	0	0	0	0	0	0
1120 40	0	0	0	0	0	0
1120 80	70.9073	0	0	0	0	0
1120 120	64.0969	0	25.5486	57.8747	13.8511	0
1120 160	50.7794	17.9192	11.9174	57.4728	8.58143	20.634
1120 200	40.4855	16.672	19.2263	31.9597	17.0449	13.6234
1120 240	20.3627	11.3009	9.33726	24.0955	8.26618	8.02731
1120 280	6.67298	3.78038	5.56903	6.85028	3.43417	4.60098
1120 320	3.96852	2.04288	4.0884	1.8928	1.96057	3.50888
1120 360	2.03366	1.70561	2.55761	1.60345	1.70811	2.48888
1120 400	1.3763	0.96475	2.32738	0.492042	0.984928	1.65631
1120 440	0.486782	0.491704	1.51935	0.536455	0.540141	0.808928
1120 480	0.321535	0.375408	0.944083	0.177039	0.199892	0.585143
1120 520	0.109093	0.156306	0.638988	0.150225	0.130198	0.615549
1120 560	0.0915687	0.201445	0.368351	0.0698663	0.0716324	0.484688
1120 600	0.0504325	0.0886127	0.285931	0.0306298	0.0397774	0.199036
1120 640	0.0509455	0.0302153	0.181008	0.0209154	0.0357558	0.113357
1120 680	0.0117604	0.00904726	0.0866281	0.0111181	0.00640952	0.0714623
1120 720	0.00400906	0.00784901	0.0459963	0.00818013	0.00783014	0.040204
1120 760	0.000487662	0.0010303	0.0291754	0.00146299	0.00301181	0.0163346
1160 0	0	0	0	0	0	0
1160 40	0	0	0	0	0	0
1160 80	0	63.0705	0	34.9965	157.385	122.153
1160 120	54.8921	26.685	6.96117	72.7232	75.0714	20.9256
1160 160	52.2919	39.7241	19.3386	31.2544	11.9501	5.77595
1160 200	41.103	20.4323	19.6094	26.4452	18.3146	17.2952
1160 240	26.8336	17.9704	12.5845	17.6279	16.9245	10.7784
1160 280	20.6913	10.069	8.66057	9.68465	8.3275	9.37234
1160 320	7.06113	4.84334	6.14544	6.35772	4.68302	4.82576
1160 360	3.67172	3.11551	5.1112	3.91755	3.00717	4.27324
1160 400	2.01682	2.07556	3.90525	1.8515	2.0192	3.31441
1160 440	1.34867	0.934505	2.58131	0.861518	0.889432	2.29912
1160 480	0.664442	0.684442	1.70359	0.421107	0.374912	1.26706
1160 520	0.377418	0.290657	1.47798	0.162408	0.332428	1.12565
1160 560	0.263539	0.1867	0.780897	0.171113	0.275195	0.756078
1160 600	0.0611811	0.107219	0.331048	0.0431291	0.064678	0.297487
1160 640	0.0413454	0.0469644	0.263971	0.0481923	0.0573224	0.268287
1160 680	0.0329941	0.021081	0.201058	0.0192989	0.0103279	0.162187
1160 720	0.0114546	0.0115062	0.10101	0.00632515	0.0195937	0.0988621
1160 760	0.00268224	0.00246875	0.0256029	0.00534542	0.00261386	0.0244492
1200 0	0	0	0	0	0	0
1200 40	0	0	0	0	0	0
1200 80	33.8189	32.3576	0	22.259	16.9095	0
1200 120	60.9061	24.2974	17.5245	57.8503	24.5867	2.05168
1200 160	35.8601	36.6671	12.7752	44.0491	25.3513	8.24331
1200 200	42.2885	15.0913	7.04511	29.7511	12.4557	14.4373
1200 240	26.1801	8.46439	11.271	16.2596	10.3209	9.08791
1200 280	9.60054	7.61759	6.42555	10.1907	7.65049	5.82563
1200 320	2.87965	2.65833	2.95968	2.92569	1.66568	2.60116
1200 360	2.02578	1.34587	2.45573	1.55793	1.5148	2.024
1200 400	1.43189	0.941273	1.69813	0.709653	1.30977	0.987883
1200 440	0.667102	0.447303	0.978215	0.319496	0.377468	0.954135
1200 480	0.305425	0.376475	0.886159	0.305922	0.380891	0.865267
1200 520	0.343018	0.257995	0.851241	0.410837	0.297083	0.87626
1200 560	0.152604	0.132569	0.613807	0.135186	0.131202	0.526843
1200 600	0.0437867	0.0489191	0.452695	0.0473966	0.0938396	0.318341
1200 640	0.0221711	0.0474962	0.184211	0.0290431	0.0119767	0.173268
1200 680	0.0186506	0.0269347	0.161106	0.0153865	0.0389304	0.123623
1200 720	0.0122736	0.0150133	0.103221	0.0120194	0.0163595	0.0750422
1200 760	0.00421737	0.0106533	0.0213394	0.00577767	0.00306229	0.0258856
1240 0	0	0	0	0	0	0
1240 40	0	0	0	0	0	0
1240 80	96.564	33.1953	0	0	29.6727	29.6727
1240 120	95.8242	13.232	29.7309	50.5925	74.5168	19.5917
1240 160	51.7983	15.5048	4.1493	37.7528	10.9622	8.93674
1240 200	22.1948	11.7881	13.7585	20.9675	19.8711	10.4412
1240 240	15.7476	12.5987	6.88518	16.2191	9.41614	5.4344
1240 280	7.57169	8.64344	8.12225	8.08776	3.43364	4.40187
1240 320	7.90373	3.5367	5.79647	5.30368	4.40675	5.8595
1240 360	2.87436	3.57336	4.23131	2.54803	2.20975	4.20821
1240 400	1.91622	1.68922	2.73632	1.93817	0.858346	2.70188
1240 440	0.828395	1.08558	1.67362	0.79108	0.475965	1.54295
1240 480	0.589582	0.676557	1.33537	0.27885	0.471689	0.967042
1240 520	0.132032	0.314079	0.779052	0.116533	0.23609	0.6315
1240 560	0.199695	0.201548	0.686632	0.0776428	0.108757	0.543167
1240 600	0.0671106	0.0553225	0.332925	0.0314627	0.0963723	0.305696
1240 640	0.0469464	0.0538814	0.249171	0.0271891	0.0291416	0.21381
1240 680	0.00953621	0.0175467	0.178404	0.0180731	0.0439075	0.0995213
1240 720	0.0073791	0.0104486	0.102648	0.0095298	0.00575294	0.0908054
1240 760	0.00105892	0.00167232	0.0115888	0.00498004	0.00456993	0.018471
1280 0	0	0	0	0	0	0
1280 40	0	0	0	0	0	0
1280 80	0	0	58.9004	0	33.2927	0
1280 120	34.6856	14.1497	0	35.1447	22.7003	0
1280 160	26.7291	7.21786	7.30172	32.5138	1.791	9.5279
1280 200	14.0824	5.7899	13.3575	13.8394	3.84284	5.13781
1280 240	12.2661	6.24845	7.03973	11.1358	7.05657	6.45783
1280 280	9.70783	4.13172	4.21738	4.73334	4.18099	2.50461
1280 320	3.63301	1.73957	2.3368	2.84529	3.14709	2.4767
1280 360	1.8887	1.8112	1.84275	2.07027	1.1258	1.72807
1280 400	0.824944	1.21477	1.47585	0.528197	0.579348	1.58511
1280 440	0.567879	0.292891	0.613671	0.489261	0.351036	0.872176
1280 480	0.144963	0.307027	0.68341	0.1398	0.145049	0.522514
1280 520	0.12737	0.0892487	0.289847	0.0875778	0.0609675	0.391792
1280 560	0	0	0	0	0	0
1280 600	0	0	0	0	0	0
1280 640	0	0	0	0	0	0
1280 680	0	0	0	0	0	0
1280 720	0	0	0	0	0	0
1280 760	0.00430261	0.00542011	0.0172348	0.00163729	0.00247063	0.0111915
1320 0	0	0	0	0	0	0
1320 40	0	0	0	0	0	0
1320 80	25.4746	0	0	32.6052	0	0
1320 120	38.5567	26.9175	0	18.9371	0	6.62769
1320 160	18.8974	7.75008	3.46796	25.0409	9.38939	14.4536
1320 200	15.5541	8.07207	5.74871	7.8598	9.53353	2.52924
1320 240	21.0494	10.4916	10.4325	20.6261	14.5158	7.41573
1320 280	11.4848	7.75917	8.86902	9.01186	4.78688	4.66472
1320 320	6.26043	3.4084	4.50856	7.8687	4.63311	3.72796
1320 360	2.41953	2.32995	3.53252	3.30018	1.71771	3.06201
1320 400	1.90331	1.45569	2.23811	1.14229	1.05572	1.7365
1320 440	0.4858	0.639911	1.67518	0.624451	0.818094	1.1784
1320 480	0.354283	0.323962	1.0867	0.213856	0.230592	0.841593
1320 520	0.1458	0.156622	0.716856	0.239421	0.319017	0.476233
1320 560	0.109903	0.114361	0.304886	0.0627245	0.0673798	0.307404
1320 600	0.0733604	0.0684879	0.321515	0.029509	0.0644163	0.171047
1320 640	0.00953785	0.00816139	0.0489117	0.00728807	0.00587124	0.0439118
1320 680	0.0134492	0.0169037	0.0870971	0.00851088	0.00853242	0.0310423
1320 720	0.00481073	0.00965569	0.0525643	0.00839598	0.00666571	0.0188405
1320 760	0.00157	0.0030317	0.00776869	0.00101047	0.001959	0.00868405
1360 0	0	0	0	0	0	0
1360 40	0	0	0	0	0	0
1360 80	0	0	0	32.6982	0	32.6982
1360 120	39.8927	6.7205	0	0	0	17.8454
1360 160	21.0903	15.2954	18.2404	12.433	12.0478	2.41296
1360 200	17.7269	2.58628	1.25849	10.3305	5.84604	1.25849
1360 240	11.7147	4.226	4.5231	8.33835	3.73199	2.29525
1360 280	4.50952	3.75421	3.68336	3.63116	3.07497	3.8238
1360 320	1.84688	2.60348	2.41955	3.73434	2.39152	1.714
1360 360	2.95726	2.78165	2.45912	2.7899	1.89662	3.46277
1360 400	1.51312	1.31197	1.83394	1.01007	1.03114	1.34763
1360 440	1.01461	0.578239	1.64858	0.5307	0.967937	1.28159
1360 480	0.274071	0.233293	0.997667	0.14198	0.359486	0.834778
1360 520	0.14073	0.168164	0.580414	0.131911	0.133631	0.54679
1360 560	0.111788	0.0925688	0.428006	0.0918299	0.125977	0.314088
1360 600	0.0590994	0.0471187	0.281209	0.0173748	0.0673182	0.220392
1360 640	0.0399576	0.0862108	0.172016	0.0243556	0.037875	0.151689
1360 680	0.0137481	0.034615	0.111096	0.0180345	0.0242588	0.0816133
1360 720	0.0156536	0.00679453	0.0505563	0.0107926	0.0127624	0.0618959
1360 760	0.00466796	0.000997823	0.0135978	0.00367265	0.00240594	0.0160492
1400 0	0	0	0	0	0	0
1400 40	0	0	0	0	0	0
1400 80	26.0097	0	32.4723	0	32.3358	0
1400 120	66.5915	19.9701	0	29.6993	19.5158	14.0437
1400 160	33.0138	18.3223	17.5752	33.4923	20.882	6.78962
1400 200	26.7853	14.119	11.1859	23.4507	6.70222	5.85197
1400 240	14.5944	5.94724	9.48871	18.9181	5.3524	3.93416
1400 280	12.7035	6.71295	6.26188	6.86579	5.38803	5.08759
1400 320	6.83424	4.68162	4.06991	4.91848	4.10203	4.06119
1400 360	2.20449	2.53846	2.75786	1.55449	2.42722	2.408
1400 400	0.80324	1.67983	1.82115	1.2025	0.817231	1.86085
1400 440	0.519335	0.507175	1.21464	0.395151	0.370353	1.26143
1400 480	0.396766	0.317212	0.895564	0.158462	0.31181	0.646136
1400 520	0.116052	0.125767	0.292994	0.203107	0.142948	0.350875
1400 560	0.0435323	0.149038	0.331185	0.0784285	0.0781466	0.237764
1400 600	0.0543047	0.070244	0.139294	0.0303012	0.0758347	0.159614
1400 640	0.0305305	0.0120799	0.168359	0.0478029	0.0454305	0.145169
1400 680	0.00666071	0.00676417	0.0325589	0.0217418	0.0182759	0.0357425
1400 720	0.00763426	0.0127152	0.0677	0.00631763	0.00499227	0.045101
1400 760	0.00338926	0.00205646	0.0115383	0.00349405	0.00217998	0.0184175
1440 0	0	0	0	0	0	0
1440 40	0	0	0	0	0	0
1440 80	0	0	107.622	31.601	29.7584	0
1440 120	52.5079	6.64724	8.35182	52.9855	19.6067	0
1440 160	57.9576	2.09062	5.75881	44.409	11.5111	15.1208
1440 200	31.0202	18.8594	7.10267	20.4771	14.633	6.82328
1440 240	18.425	8.13934	8.58383	13.2386	7.34897	4.92808
1440 280	7.51502	6.43613	7.48872	6.07448	5.04695	5.37495
1440 320	3.71993	3.91246	4.67201	4.41202	2.71111	3.04295
1440 360	2.77089	2.17166	2.88848	2.20705	2.44772	2.89205
1440 400	1.12225	1.04896	2.3525	1.18666	0.941098	2.06159
1440 440	0.600467	0.507446	1.17605	0.473228	0.293194	1.10084
1440 480	0.255017	0.441828	0.324221	0.0501448	0.337017	0.492379
1440 520	0.0595084	0.126034	0.432506	0.0887261	0.162263	0.43625
1440 560	0.148698	0.0682772	0.282575	0.0865253	0.0946411	0.203094
1440 600	0.0295137	0.0725287	0.163279	0.0531957	0.0240475	0.194956
1440 640	0.025016	0.0223669	0.085127	0.0254144	0.0195088	0.076202
1440 680	0.0125277	0.010217	0.0784713	0.00908823	0.00491026	0.0873764
1440 720	0.012123	0.0103665	0.0536866	0.0140468	0.0133829	0.0437368
1440 760	0.00372327	0.0020094	0.0231566	0.00261752	0.0138547	0.0207341
1480 0	0	0	0	0	0	0
1480 40	0	0	0	0	0	0
1480 80	100.886	107.239	38.3678	140.497	0	0
1480 120	36.7564	40.0316	17.5102	97.2067	6.45609	4.89495
1480 160	39.6662	17.5024	26.5552	33.3951	11.1936	9.91293
1480 200	22.5087	11.6909	6.74097	28.1025	7.24863	4.88244
1480 240	16.1356	9.34419	5.49424	16.2682	6.9094	4.55991
1480 280	11.3027	5.95488	4.85345	11.3799	4.52989	7.27669
1480 320	4.97962	2.33728	5.09691	3.84522	3.88312	4.33979
1480 360	2.3083	1.76685	2.43929	1.28956	2.31098	2.34651
1480 400	1.0939	0.799065	1.67386	0.651902	0.656361	1.31829
1480 440	0.763854	0.453902	1.28074	0.398714	0.229356	0.964076
1480 480	0.216235	0.136385	0.623891	0.18921	0.136202	0.637115
1480 520	0.0568001	0.294644	0.254101	0.0704219	0.0873997	0.275899
1480 560	0.0792092	0.0603345	0.19332	0.0622797	0.0606499	0.156326
1480 600	0.0498238	0.0310393	0.212095	0.0523634	0.0401264	0.148877
1480 640	0.0357909	0.0191169	0.11367	0.0385602	0.0182493	0.113678
1480 680	0.0175304	0.0165643	0.0724469	0.00837756	0.00888481	0.0562374
1480 720	0.0118281	0.0173183	0.0510963	0.0051325	0.00586384	0.0370936
1480 760	0.00228028	0.00450257	0.0243909	0.00429294	0.00314658	0.0146316
1520 0	0	0	0	0	0	0
1520 40	0	0	0	0	0	0
1520 80	0	31.7106	0	422.619	0	0
1520 120	32.3642	6.41928	15.279	24.258	10.8123	0
1520 160	17.6872	2.12054	3.54226	17.6872	15.0622	4.62975
1520 200	24.1961	12.203	4.29426	32.2803	10.0568	9.39462
1520 240	21.3208	3.82472	5.15745	14.7205	7.7932	2.71157
1520 280	7.69557	6.36291	4.86195	12.1404	5.67183	6.36547
1520 320	6.01114	3.04043	3.66044	3.61555	2.94492	4.08399
1520 360	2.50642	1.41295	2.21929	2.25691	2.26763	1.44743
1520 400	1.12126	1.29319	1.33067	0.507689	1.07194	1.40454
1520 440	0.567674	0.513694	1.32488	0.15353	0.52156	0.953872
1520 480	0.197675	0.206363	0.633747	0.140019	0.285495	0.712887
1520 520	0.0756379	0.202283	0.156509	0.078278	0.22188	0.19682
1520 560	0.0352029	0.0995566	0.256948	0.0300412	0.0581748	0.256943
1520 600	0.039712	0.0504979	0.154031	0.0100423	0.0691188	0.11203
1520 640	0.0243314	0.0199055	0.0957648	0.0384525	0.0410018	0.0925579
1520 680	0.0122111	0.00974196	0.0721026	0.00522259	0.00236161	0.0544867
1520 720	0.00259354	0.00902942	0.0687957	0.00765119	0.00565641	0.0308381
1520 760	0.00101943	0.00332724	0.0162003	0.00362882	0.00279309	0.0201435
1560 0	0	0	0	0	0	0
1560 40	0	0	0	0	0	0
1560 80	31.0467	107.406	31.0467	0	31.0467	0
1560 120	25.3083	19.2487	12.2374	18.9812	6.32707	0
1560 160	9.22578	2.02858	14.0127	4.05716	2.02858	2.02858
1560 200	11.7828	9.38917	3.2994	8.35551	7.37184	6.68164
1560 240	7.2029	4.31332	2.93613	3.3383	1.93925	1.22232
1560 280	5.14869	2.46886	2.27033	3.6837	3.26922	2.26101
1560 320	2.30679	0.584075	1.91373	0.941483	0.798705	1.38284
1560 360	1.40876	1.04118	0.902328	0.257279	0.89822	1.04395
1560 400	0.71463	0.292212	0.904442	0.0817029	0.546864	0.680691
1560 440	0.388949	0.43069	0.7116	0.135249	0.273972	0.448394
1560 480	0.169894	0.121757	0.411654	0.0498636	0.100447	0.303045
1560 520	0.00937486	0.0402914	0.124664	0.0338008	0.0475288	0.190646
1560 560	0.042372	0.00941579	0.0355777	0.0222066	0.0219147	0.163868
1560 600	0.0154883	0.0260584	0.0853846	0.0206858	0.0134121	0.104651
1560 640	0.00472854	0.00963427	0.0446564	0.0106677	0.00980394	0.0381405
1560 680	0.00274023	0.00797637	0.00907353	0.000893346	0.0020206	0.00723705
1560 720	0.00184081	0.00245441	0.0227705	0.00506959	0.00358484	0.0195782
1560 760	0.00323464	0.00255688	0.00442118	0	0.00198428	0.0150534
1600 0	0	0	0	0	0	0
1600 40	0	0	0	0	0	0
1600 80	97.6129	66.2357	0	31.3772	0	0
1600 120	13.1485	0	6.29764	32.0414	0	6.29764
1600 160	17.2022	11.8395	5.76478	18.0821	1.99405	1.99405
1600 200	19.7187	6.9506	0.77754	7.26988	1.68699	5.4002
1600 240	9.62257	4.66137	3.2078	5.42489	2.70091	1.85397
1600 280	4.87722	1.78942	2.83495	5.40809	3.4169	2.07477
1600 320	2.28105	1.82408	0.716369	2.18922	1.4534	1.02909
1600 360	0.453382	0.352123	0.844224	0.637282	0.879582	0.234748
1600 400	0.482642	0.381561	1.05389	0.528416	0.321455	0.6289
1600 440	0.446022	0.130035	0.272164	0.240445	0.0626517	0.334597
1600 480	0.0562865	0.0993443	0.359971	0.0448224	0.0811825	0.191498
1600 520	0.164364	0.103079	0.284359	0.153247	0.0213277	0.282915
1600 560	0.0495578	0.0630315	0.178324	0.0202108	0.109642	0.122061
1600 600	0.0411683	0.0455	0.110639	0.0660467	0.0406745	0.12013
1600 640	0.00859028	0.00311564	0.0189833	0.0121844	0.00161034	0.0627861
1600 680	0.00611756	0.00825509	0.0379611	0.0065509	0.0113746	0.0163107
1600 720	0.000743543	0.00495327	0.0260117	0.00197909	0.00897516	0.0177024
1600 760	0.00107831	0.00150556	0.0130681	0.000565604	0.000480157	0.0013889
1640 0	0	0	0	0	0	0
1640 40	0	0	0	0	0	0
1640 80	138.289	0	0	0	0	0
1640 120	46.7677	0	0	0	12.9749	0
1640 160	16.2415	9.64531	12.4716	10.1509	0	0
1640 200	30.1618	14.6725	5.45035	20.9461	7.58767	7.38096
1640 240	14.3618	6.48027	5.381	12.8879	11.1234	3.87856
1640 280	7.78265	6.7948	4.23521	7.45403	5.88641	4.14505
1640 320	4.84365	2.69511	2.82737	3.69054	2.69573	2.03161
1640 360	2.78557	2.00266	2.28224	1.70812	1.68093	1.54891
1640 400	0.325159	1.45909	1.52162	0.990242	1.17675	1.45291
1640 440	0.686033	0.451434	0.847574	0.379693	0.379124	0.616484
1640 480	0.144789	0.303972	0.421306	0.239657	0.217686	0.362967
1640 520	0.14433	0.105216	0.321909	0.102726	0.0891518	0.156331
1640 560	0.0359174	0.0669683	0.326154	0.090538	0.0479544	0.141011
1640 600	0.0284187	0.0329137	0.113687	0.0451541	0.0599961	0.102857
1640 640	0.0151995	0.0234487	0.0581363	0.02044	0.0229247	0.104116
1640 680	0.0107661	0.0182074	0.0423777	0.00368045	0.00615125	0.0452509
1640 720	0.00510535	0.0108694	0.0456059	0.00877309	0.00174999	0.0253359
1640 760	0.00128948	0.00239726	0.0117284	0.00273755	0.00424701	0.00831302
1680 0	0	0	0	0	0	0
1680 40	0	0	0	0	0	0
1680 80	112.963	46.1021	0	150.216	0	0
1680 120	70.5396	5.05329	6.43663	59.4253	0	6.11322
1680 160	49.1663	9.11121	13.4516	33.1611	4.48151	2.74529
1680 200	24.8639	12.8165	5.13671	18.9082	7.24828	6.69807
1680 240	16.1335	4.42875	8.57917	12.1953	5.80647	3.5423
1680 280	7.6882	4.24077	4.19442	7.70324	4.74417	4.56934
1680 320	1.5445	1.6089	1.40403	1.46059	1.81071	1.65015
1680 360	0.96974	0.907929	0.945511	0.921309	0.852604	0.750075
1680 400	0.81623	0.406241	0.707225	0.466551	0.311417	0.562564
1680 440	0.280684	0.246308	0.604065	0.258861	0.0925323	0.417615
1680 480	0.110281	0.121108	0.334566	0.0568158	0.119189	0.279762
1680 520	0.00999294	0.0573045	0.205834	0.045411	0.040781	0.137042
1680 560	0.0496386	0.0385347	0.120682	0.0676948	0.0250153	0.078184
1680 600	0.015973	0.0214609	0.0621846	0.00993804	0.00976483	0.0599108
1680 640	0.0070289	0.0635648	0.017877	0.00783196	0.00527463	0.0406908
1680 680	0.00446812	0.00540587	0.0361303	0.00302344	0.00353662	0.0150072
1680 720	0.00773998	0.00333061	0.0220282	0.00312548	0.00593618	0.0198683
1680 760	0.00102972	0.000519229	0.00687028	0.0139758	0.00103846	0.00213104
1720 0	0	0	0	0	0	0
1720 40	0	0	0	0	0	0
1720 80	0	0	0	31.1654	0	0
1720 120	12.605	0	42.5465	18.9852	25.2877	5.81181
1720 160	9.45796	2.02679	4.05359	17.3779	0	0
1720 200	16.521	0.831822	3.78656	13.1113	2.09481	0.831822
1720 240	16.319	5.20637	1.88214	17.5615	5.8571	3.10971
1720 280	7.53376	4.66395	3.32994	8.2035	4.65391	3.4129
1720 320	5.52312	2.76747	3.26219	3.37984	2.62831	2.00242
1720 360	2.34983	2.28418	1.90317	0.749078	1.42394	1.5314
1720 400	1.25075	0.606436	1.37664	0.722613	0.248185	1.35421
1720 440	0.692376	0.413518	0.815898	0.46183	0.33779	0.56338
1720 480	0.154231	0.151368	0.598466	0.197451	0.107199	0.559037
1720 520	0.109079	0.152431	0.141071	0.0644662	0.0349712	0.185085
1720 560	0.0525171	0.0637681	0.118547	0.0107928	0.0390037	0.226771
1720 600	0.0310099	0.0668058	0.0562691	0.0288953	0.00683891	0.111508
1720 640	0.0457525	0.0279828	0.0565594	0.00845493	0.0177797	0.0439238
1720 680	0.0100077	0.0210673	0.025049	0.00838109	0.0213275	0.0441748
1720 720	0.00125606	0.00937327	0.0243783	0.0055702	0.00336114	0.0256482
1720 760	0.000885046	0.00254286	0.00731287	0.000516613	0.00307584	0.00801808
1760 0	0	0	0	0	0	0
1760 40	0	0	0	0	0	0
1760 80	30.738	0	0	61.2309	30.738	0
1760 120	28.9887	0	0	31.5419	0	12.8426
1760 160	38.4127	6.76716	3.68739	29.0792	13.6104	7.63974
1760 200	25.3906	10.2312	7.29991	19.8225	8.22217	5.20559
1760 240	18.1581	7.51891	4.35246	12.4697	4.96075	3.60894
1760 280	9.28541	3.13922	2.90266	7.00453	2.92043	2.97013
1760 320	4.39131	3.3955	2.11447	2.32818	2.22296	1.72253
1760 360	1.0249	0.544221	1.06716	1.15255	1.40239	0.202503
1760 400	0.209971	0.218197	0.859602	0.1528	0.209656	0.478796
1760 440	0.211334	0.280088	0.452694	0.0773795	0.201533	0.496032
1760 480	0.112992	0.0958073	0.263566	0.0418762	0.15504	0.211933
1760 520	0.153555	0.0581787	0.179177	0.0160851	0.035127	0.216996
1760 560	0.0149959	0.0241726	0.0869618	0.0143846	0.0370006	0.0374866
1760 600	0.0151501	0.0311882	0.0348639	0.0159029	0.0239622	0.0371529
1760 640	0.0130812	0.0131496	0.0388771	0.0111404	0.0132652	0.039819
1760 680	0.00337697	0.00433554	0.0177702	0.00324185	0.0100699	0.0118048
1760 720	0.005382	0.00379789	0.0354361	0.00134786	0.0030291	0.00886804
1760 760	0.00183191	0.00235532	0.00262359	0.00157021	0.00130851	0.00549964
1800 0	0	0	0	0	0	0
1800 40	0	0	0	0	0	0
1800 80	138.689	0	0	62.3656	0	30.7843
1800 120	32.6732	0	20.0156	43.8647	25.1709	6.21253
1800 160	29.745	13.9864	3.93702	36.3966	18.8827	0
1800 200	27.3708	12.6832	7.28375	22.6897	8.00333	2.51841
1800 240	14.8277	7.25799	4.54158	12.782	3.98805	3.09149
1800 280	9.25085	3.91142	4.44972	7.22362	4.00825	2.89858
1800 320	6.53904	2.76337	2.48349	3.68755	2.9023	2.74201
1800 360	2.08414	1.41187	1.55479	2.00186	1.38877	0.648787
1800 400	0.715527	1.37124	1.42936	0.501359	0.526306	0.813629
1800 440	0.735135	0.392185	0.96999	0.364636	0.549538	0.546549
1800 480	0.197623	0.0427699	0.670957	0.221745	0.162739	0.371567
1800 520	0.144156	0.0761905	0.178584	0.0531103	0.0855835	0.331674
1800 560	0.0241504	0.0850759	0.136733	0.0453882	0.0573569	0.10352
1800 600	0.0280823	0.00648801	0.0761565	0.0133448	0.0152384	0.0863329
1800 640	0.00659931	0.0325485	0.0730878	0.0128074	0.0118481	0.0505708
1800 680	0.0126212	0.00525951	0.0250933	0.000924519	0.0507278	0.0264494
1800 720	0.00698902	0.008266	0.0319924	0.00835199	0.00410767	0.035543
1800 760	0.00468663	0.00403139	0.0108766	0.00394623	0.00317048	0.0030711
1840 0	0	0	0	0	0	0
1840 40	0	0	0	0	0	0
1840 80	30.6234	0	0	30.6234	0	0
1840 120	31.1653	12.5999	0	0	25.1999	0
1840 160	16.504	12.586	3.8863	14.545	9.19982	3.35452
1840 200	11.1861	5.79565	2.22618	6.63646	2.52241	0
1840 240	5.21179	2.93441	1.36378	8.02037	2.86354	0.537914
1840 280	3.55303	2.83501	2.13423	2.24536	1.76312	2.92399
1840 320	2.20421	1.28743	1.9985	1.9815	2.19281	1.6649
1840 360	0.750198	1.5213	1.32926	0.745115	0.72601	0.185003
1840 400	0.364892	0.589941	0.872392	0.401252	0.310115	0.620714
1840 440	0.184949	0.285041	0.589863	0.464138	0.424451	0.59906
1840 480	0.175536	0.031312	0.193408	0.0718879	0.0592586	0.220095
1840 520	0.0237177	0.0778699	0.0570068	0.0153978	0.00504396	0.0871107
1840 560	0.0370638	0.0377761	0.0120091	0.0213657	0.0255549	0.0230003
1840 600	0.0174986	0.0207641	0.0247822	0.0177713	0.0205885	0.0322786
1840 640	0.00788418	0.00668513	0.0150213	0.014493	0.0045113	0.0173146
1840 680	0.00728433	0.000672216	0.00747493	0.00571074	0.00931339	0.00636943
1840 720	0.00358986	0.00512577	0.0313752	0	0.00192295	0.00895627
1840 760	0.000531313	0.00316776	0.00257256	0.000531313	0.000531313	0.00437236
1880 0	0	0	0	0	0	0
1880 40	0	0	0	0	0	0
1880 80	139.196	0	30.1211	0	0	0
1880 120	6.20479	0	6.20479	0	12.4096	12.3988
1880 160	10.2039	3.37972	3.37972	2.04078	10.1392	3.68377
1880 200	12.9732	5.6847	2.92866	8.18836	6.14127	1.25183
1880 240	7.16155	3.22628	1.19621	4.62148	2.93552	3.19211
1880 280	3.57974	2.56177	1.5656	2.85078	1.43473	2.38609
1880 320	2.29817	1.60443	1.23735	1.38668	0.680839	1.3981
1880 360	1.43368	0.204617	0.980153	0.93181	0.647703	0.620137
1880 400	0.648999	0.0584079	0.558389	0.628751	0.557801	0.472713
1880 440	0.169782	0.296565	0.220335	0.0792088	0.201726	0.435958
1880 480	0.162299	0.100161	0.116552	0.0765009	0.0674732	0.121358
1880 520	0.00573076	0.0354484	0.144047	0.0147848	0.014453	0.149581
1880 560	0.0105231	0.0105131	0.0940032	0.0171409	0.0314956	0.0355604
1880 600	0.0199693	0.0274824	0.0340065	0.0112656	0.0127988	0.0178668
1880 640	0.00822014	0.00332511	0.0221403	0.00302645	0.0264598	0.0204713
1880 680	0.00427767	0.00205389	0.0127736	0	0.00112449	0.0142135
1880 720	0.00262825	0.00335235	0.00493935	0.0026923	0.00185789	0.00834453
1880 760	0.00312678	0.00144614	0.00983934	0.000887275	0.00206416	0.00926792
1920 0	0	0	0	0	0	0
1920 40	0	0	0	0	0	0
1920 80	0	0	0	0	0	0
1920 120	0	0	0	0	0	0
1920 160	0	0	0	0	0	0
1920 200	0	0	0	0	0	0
1920 240	0	0	0	0	0	0
1920 280	0	0	0	0	0	0
1920 320	0	0	0	0	0	0
1920 360	0	0	0	0	0	0
1920 400	0	0	0	0	0	0
1920 440	0	0	0	0	0	0
1920 480	0	0	0	0	0	0
1920 520	0	0	0	0	0	0
1920 560	0	0	0	0	0	0
1920 600	0	0	0	0	0	0
1920 640	0	0	0	0	0	0
1920 680	0	0	0	0	0	0
1920 720	0	0	0	0	0	0
1920 760	0	0	0	0	0	0
1960 0	0	0	0	0	0	0
1960 40	0	0	0	0	0	0
1960 80	0	0	0	0	0	0
1960 120	0	0	0	0	0	0
1960 160	0	0	0	0	0	0
1960 200	0	0	0	0	0	0
1960 240	0	0	0	0	0	0
1960 280	0	0	0	0	0	0
1960 320	0	0	0	0	0	0
1960 360	0	0	0	0	0	0
1960 400	0	0	0	0	0	0
1960 440	0	0	0	0	0	0
1960 480	0	0	0	0	0	0
1960 520	0	0	0	0	0	0
1960 560	0	0	0	0	0	0
1960 600	0	0	0	0	0	0
1960 640	0	0	0	0	0	0
1960 680	0	0	0	0	0	0
1960 720	0	0	0	0	0	0
1960 760	0	0	0	0	0	0
