0 0	0	0	0	0	0	0
0 40	0	0	0	0	0	0
0 80	900.561	0	0	1801.12	0	0
0 120	1082.62	349.753	364.962	1206.36	358.356	280.181
0 160	596.189	412.068	161.884	538.421	269.393	145.039
0 200	166.848	78.7379	27.1036	355.239	189.596	24.5307
0 240	0	0	0	0	0	0
0 280	0	0	0	0	0	0
0 320	0	0	0	0	0	0
0 360	0	0	0	0	0	0
0 400	0	0	0	0	0	0
0 440	0	0	0	0	0	0
0 480	0	0	0	0	0	0
0 520	0	0	0	0	0	0
0 560	0	0	0	0	0	0
0 600	0	0	0	0	0	0
0 640	0	0	0	0	0	0
0 680	0	0	0	0	0	0
0 720	0	0	0	0	0	0
0 760	0	0	0	0	0	0
40 0	0	0	0	0	0	0
40 40	0	0	0	7525.41	0	0
40 80	646.571	373.007	0	0	969.856	0
40 120	1848.8	557.128	412.723	1572.59	333.077	429.984
40 160	949.408	431.117	300.177	858.871	331.334	301.424
40 200	546.717	421.182	250.172	502.658	331.655	225.518
40 240	335.367	322.476	194.95	237.083	261.064	217.161
40 280	154.187	151.848	170.586	120.177	154.289	120.321
40 320	46.5958	46.3306	86.6621	34.1066	45.0427	63.181
40 360	0	0	0	0	0	0
40 400	0	0	0	0	0	0
40 440	0	0	0	0	0	0
40 480	0	0	0	0	0	0
40 520	0	0	0	0	0	0
40 560	0	0	0	0	0	0
40 600	0	0	0	0	0	0
40 640	0	0	0	0	0	0
40 680	0	0	0	0	0	0
40 720	0	0	0	0	0	0
40 760	0	0	0	0	0	0
80 0	0	0	0	0	0	0
80 40	7963.02	0	0	0	0	0
80 80	6762.62	0	0	0	0	0
80 120	2245.27	380.323	408.334	2088.38	378.697	142.753
80 160	1134.96	659.597	256.538	964.692	476.767	206.449
80 200	751.997	462.122	192.511	693.709	347.459	182.842
80 240	296.07	215.214	131.659	240.593	187.925	153.602
80 280	64.2151	70.4198	67.7033	71.9666	63.5585	57.0483
80 320	42.9457	44.7064	62.4123	31.3821	42.4969	62.2807
80 360	19.5473	28.0971	57.639	19.318	20.712	41.2294
80 400	9.95284	12.9815	34.0825	8.93196	12.5605	30.1366
80 440	3.65391	6.00974	20.8905	3.39178	5.99646	17.9456
80 480	1.92221	2.98779	12.9226	1.61565	2.17596	10.8971
80 520	0.655556	1.06227	3.75044	0.475627	0.612874	3.70549
80 560	0	0	0	0	0	0
80 600	0	0	0	0	0	0
80 640	0	0	0	0	0	0
80 680	0	0	0	0	0	0
80 720	0	0	0	0	0	0
80 760	0	0	0	0	0	0
120 0	0	0	0	0	0	0
120 40	0	0	0	9793.26	0	0
120 80	904.913	0	0	1149.56	0	566.879
120 120	1099.64	525.263	178.311	1076.86	455.64	243.668
120 160	1196.18	350.786	363.001	780.245	421.957	156.681
120 200	507.388	390.304	190.259	691.821	327.996	211.164
120 240	437.151	315.697	196.703	308.7	267.567	193.421
120 280	156.624	172.921	156.077	153.726	142.349	148.296
120 320	94.4961	84.9691	113.477	71.5166	77.7127	94.9463
120 360	30.1068	33.4097	62.857	31.6231	34.6719	61.28
120 400	14.8185	19.7827	46.6559	14.1031	16.1616	38.1423
120 440	7.56876	10.5589	31.3332	5.53344	11.039	29.7598
120 480	3.64466	5.85844	23.0492	3.42838	4.52527	19.5463
120 520	1.40277	2.58075	10.1019	1.34995	2.11821	8.7107
120 560	1.03201	1.53621	7.22758	0.880122	1.38556	6.06982
120 600	0.537638	0.645352	4.17651	0.472557	0.599818	4.17254
120 640	0.0584666	0.125953	0.691996	0.0386348	0.0989934	0.572393
120 680	0.0480996	0.074803	0.709672	0.0344196	0.0579174	0.646916
120 720	0	0	0	0	0	0
120 760	0	0	0	0	0	0
160 0	0	0	0	0	0	0
160 40	0	0	0	0	0	0
160 80	1363.61	0	0	0	0	0
160 120	1469.12	381.183	170.003	1224.48	410.199	248.358
160 160	996.226	367.865	151.408	694.043	217.652	137.407
160 200	517.91	361.475	169.952	428.518	250.398	147.397
160 240	327.706	217.392	152.72	283.089	213.859	126.537
160 280	46.3014	21.8713	36.3045	32.3453	24.5782	33.4508
160 320	35.6495	41.8242	47.0739	29.6502	33.0303	37.4054
160 360	18.6196	21.9124	36.5991	15.2473	14.165	26.5354
160 400	3.4021	4.18814	8.52784	3.45649	4.86456	5.92463
160 440	3.38329	4.40565	12.0392	2.44278	4.35195	10.4708
160 480	1.815	2.07763	7.76899	1.40061	1.70762	6.43228
160 520	0.955321	1.21807	4.91862	0.560412	1.053	4.02148
160 560	0.365952	0.705298	3.20055	0.534593	0.348545	3.00794
160 600	0.359412	0.513041	2.97605	0.365024	0.431465	2.66484
160 640	0.272322	0.37756	2.35787	0.18993	0.302906	2.17703
160 680	0.079465	0.161958	1.58042	0.098623	0.167798	1.21064
160 720	0.0417422	0.0690726	0.806672	0.0447654	0.0740103	0.654215
160 760	0.0254619	0.0339904	0.246184	0.0232736	0.0129048	0.22193
200 0	0	0	0	0	0	0
200 40	0	0	0	0	0	0
200 80	4535.7	0	0	0	0	0
200 120	641.812	205.173	71.1694	297.721	146.621	72.8596
200 160	383.945	201.017	87.4732	353.871	193.346	41.2173
200 200	233.609	140.828	76.3773	210.226	140.197	57.4965
200 240	132.974	96.274	49.5166	119.571	84.9366	57.0613
200 280	85.252	57.828	55.7114	57.6917	50.3517	43.829
200 320	61.6443	62.709	80.7794	56.1447	63.2597	69.9449
200 360	28.0513	28.6836	43.6336	23.9071	26.0219	39.0352
200 400	16.5605	17.0904	37.5972	12.4554	15.8828	33.5175
200 440	6.80428	8.10096	24.8143	5.93465	6.95912	21.1234
200 480	3.72544	4.03172	16.14	2.65243	3.46841	10.9947
200 520	1.48991	1.89489	8.0025	1.20652	1.55071	7.34576
200 560	0.507982	1.26572	5.71255	0.536159	0.769124	4.52014
200 600	0.441587	0.632037	3.69693	0.237908	0.481717	3.14326
200 640	0.195517	0.340657	2.34115	0.177142	0.256854	1.94904
200 680	0.119738	0.199838	1.40176	0.0851379	0.103023	0.993675
200 720	0.0664695	0.100705	0.758841	0.0847809	0.080884	0.662308
200 760	0.0206749	0.0491758	0.252353	0.0169623	0.0266053	0.21618
240 0	0	0	0	0	0	0
240 40	0	0	0	0	0	0
240 80	1365.9	0	0	0	0	0
240 120	830.655	263.315	104.175	669.045	244.892	116.767
240 160	811.878	349.42	116.516	876.067	363.234	171.837
240 200	525.064	261.104	152.38	387.846	244.021	138.548
240 240	266.447	208.672	135.478	227.295	164.769	96.5806
240 280	167.55	129.205	110.772	115.431	104.739	105.829
240 320	54.5859	71.7538	86.1507	43.9062	51.5184	60.6225
240 360	29.653	29.6263	49.5164	21.0763	24.9157	48.085
240 400	14.5927	16.4472	35.2528	10.4145	14.1979	30.322
240 440	6.31733	8.444	21.9235	6.45851	6.17848	19.4081
240 480	2.88576	4.04199	12.418	2.43071	3.80446	11.3441
240 520	1.20707	1.81052	5.69445	1.11838	1.25892	5.88472
240 560	0.79087	0.971514	4.82332	0.548056	0.971089	4.00155
240 600	0.429808	0.583093	2.62674	0.426209	0.49501	2.43548
240 640	0.154132	0.271453	1.36105	0.129702	0.180925	1.30858
240 680	0.118897	0.1915	1.10994	0.119535	0.125971	0.974057
240 720	0.0606448	0.105087	0.682964	0.0570387	0.0662742	0.606031
240 760	0.0242205	0.0323059	0.20084	0.0191005	0.023586	0.211057
280 0	0	0	0	0	0	0
280 40	0	0	0	0	0	0
280 80	82.4993	0	0	2891.61	0	0
280 120	1113.54	234.21	160.909	778.026	121.506	100.664
280 160	1072.38	500.045	191.826	751.791	397.671	98.2453
280 200	551.552	353.394	161.91	432.785	280.841	135.105
280 240	263.24	198.317	107.615	256.267	179.703	112.707
280 280	123.656	122.913	128.766	129.867	115.106	99.1324
280 320	75.3157	66.9637	78.9346	54.203	59.0827	72.336
280 360	25.8919	28.7499	55.2056	23.053	23.7051	46.4222
280 400	11.7109	15.8731	31.5983	10.2506	10.792	28.2357
280 440	6.04176	7.59905	18.1174	4.38064	6.06406	14.662
280 480	2.71997	2.85307	12.3322	2.42377	2.90668	10.3138
280 520	1.21263	1.95206	7.11668	1.42022	1.39398	5.9828
280 560	0.577531	0.854448	4.80672	0.529748	0.843321	3.98614
280 600	0.37965	0.479017	2.68055	0.372517	0.544559	2.35798
280 640	0.15079	0.258515	1.68629	0.184579	0.255006	1.50559
280 680	0.0952236	0.177469	0.873949	0.0766469	0.110842	0.736722
280 720	0.0545255	0.0855616	0.551154	0.0407803	0.0535829	0.474399
280 760	0.00691975	0.00619452	0.127997	0.00406351	0.00929671	0.076646
320 0	0	0	0	0	0	0
320 40	0	0	0	0	0	0
320 80	509.156	211.065	85.5938	311.659	132.418	44.4868
320 120	746.246	267.113	142.802	587.777	316.902	62.3924
320 160	840.491	338.245	112.535	679.949	242.152	143.868
320 200	578.053	268.011	118.771	512.819	270.643	130.904
320 240	283.394	185.806	136.145	213.962	167.298	119.969
320 280	145.078	117.141	121.879	128.463	104.926	95.12
320 320	74.2585	60.0896	80.1731	53.0152	50.2286	70.3701
320 360	27.8669	34.181	50.8646	22.5803	27.9484	44.214
320 400	10.6718	14.6083	31.554	8.82109	11.2707	30.0914
320 440	6.3703	6.1291	19.7073	4.58514	5.62742	15.1306
320 480	2.58679	3.65101	11.327	1.87346	2.76072	9.66067
320 520	1.3258	1.63032	5.76008	0.849921	1.48172	5.80636
320 560	0.690937	0.882009	4.03702	0.512439	0.596263	3.57944
320 600	0.305104	0.419473	2.01872	0.198174	0.374178	1.86202
320 640	0.15134	0.411462	1.26604	0.193974	0.276225	1.18779
320 680	0.095201	0.158078	0.885565	0.113126	0.0893695	0.728925
320 720	0.052475	0.0887173	0.453988	0.0420554	0.0733112	0.505384
320 760	0.0191027	0.0297916	0.141373	0.0166096	0.00438171	0.17561
360 0	0	0	0	0	0	0
360 40	0	0	0	0	0	0
360 80	74.8287	74.8287	0	149.657	0	0
360 120	461.401	87.9308	49.2536	219.301	11.1253	0
360 160	247.738	115.942	69.5485	297.28	76.1655	37.974
360 200	231.681	128.27	52.7611	203.993	108.948	48.9823
360 240	134.065	101.594	71.2412	121.752	82.5593	53.3714
360 280	92.5193	97.396	96.338	80.3677	82.6612	69.3085
360 320	62.6682	66.1969	80.01	50.4277	48.8738	66.4038
360 360	29.0087	26.0512	50.437	21.6049	24.6712	41.9297
360 400	8.17169	9.12266	20.5406	5.4265	7.86539	18.9641
360 440	5.93879	5.84688	18.6694	5.0092	5.01769	16.9709
360 480	2.71252	2.69211	11.0979	2.06051	2.45554	9.76477
360 520	1.09644	1.76391	6.4908	0.898441	1.27424	5.48069
360 560	0.482026	0.845252	3.71343	0.54681	0.70469	3.24905
360 600	0.307642	0.474125	1.95033	0.292986	0.300161	1.94495
360 640	0.093605	0.298649	1.40556	0.105405	0.247108	1.15431
360 680	0.103758	0.134665	0.76247	0.101769	0.141314	0.692295
360 720	0.0563187	0.0801385	0.512957	0.0392077	0.0581116	0.43156
360 760	0.0321428	0.0128684	0.0431606	0.0182012	0.00966929	0.0796509
400 0	0	0	0	0	0	0
400 40	0	0	0	0	0	0
400 80	370.002	68.0162	0	0	123.132	0
400 120	498.144	136.958	87.0763	465.634	177.567	22.0544
400 160	538.953	206.312	55.6934	544.84	196.727	113.38
400 200	430.733	210.382	117.84	366.546	180.644	95.7311
400 240	248.527	171.72	109.456	272.267	176.649	105.784
400 280	134.393	127.174	131.729	105.086	82.5788	99.0939
400 320	60.0307	60.442	85.9711	50.1674	55.1309	73.7065
400 360	25.1485	30.8195	54.959	23.7196	27.4616	45.4369
400 400	10.989	13.1673	31.3007	7.79924	10.9446	24.2826
400 440	4.44841	4.95087	13.7758	3.17216	4.77613	10.979
400 480	2.5943	2.50042	10.8724	1.69737	2.75268	9.61268
400 520	1.6575	1.21128	5.96553	0.887672	0.750008	5.05827
400 560	0.286012	0.280862	1.97	0.292749	0.390543	1.55138
400 600	0.334807	0.367707	2.05675	0.292781	0.374052	1.74784
400 640	0.159253	0.219547	1.18635	0.142894	0.204629	1.09678
400 680	0.15281	0.07575	0.654416	0.0635763	0.0808468	0.661843
400 720	0.0508352	0.0773894	0.48598	0.0434156	0.0591912	0.414383
400 760	0.0170667	0.0291891	0.14018	0.0114384	0.0369373	0.143579
440 0	0	0	0	0	0	0
440 40	0	0	0	3532.64	0	0
440 80	256.739	65.4503	127.302	206.365	179.81	0
440 120	661.192	227.534	31.0932	552.306	210.711	68.3597
440 160	549.797	249.916	91.926	562.816	147.725	115.2
440 200	332.172	203.051	83.2994	327.545	170.189	69.7621
440 240	161.421	120.34	102.945	148.946	115.779	86.3627
440 280	110.897	105.238	108.444	111.532	94.9994	92.801
440 320	28.891	27.7182	39.9238	27.6396	19.0306	33.4776
440 360	12.4444	12.8642	23.5711	8.47186	8.45904	20.9271
440 400	5.6533	6.75331	14.5177	4.34489	5.71015	12.0759
440 440	2.76429	2.93852	8.58287	1.82114	3.19009	7.89159
440 480	1.00283	1.69622	4.77961	0.933757	1.36261	4.36771
440 520	0.502381	0.786164	2.61219	0.475854	0.466433	2.39942
440 560	0.139974	0.413681	1.67107	0.2636	0.385988	1.58532
440 600	0.14281	0.215029	1.12247	0.122305	0.082627	0.932694
440 640	0.0818888	0.0600198	0.546526	0.0604289	0.0773965	0.503938
440 680	0.0444472	0.0377822	0.336494	0.0294839	0.0750423	0.261884
440 720	0.0300246	0.0330741	0.198347	0.0189314	0.0318231	0.177715
440 760	0.0074407	0.00813588	0.052841	0.00609172	0.00616533	0.0536689
480 0	0	0	0	0	0	0
480 40	0	0	0	0	0	0
480 80	1544.58	0	53.2583	2423.44	307.671	0
480 120	606.446	202.146	63.7369	469.702	215.705	114.187
480 160	559.03	156.641	92.1957	435.881	198.458	58.4599
480 200	328.613	178.637	99.991	314.207	136.766	81.1832
480 240	181.905	119.643	98.6617	154.404	95.0849	79.1757
480 280	99.5935	98.5103	92.3584	93.3592	74.2616	87.8332
480 320	58.6145	53.3034	76.2572	50.732	49.3527	64.2502
480 360	22.6017	26.4577	46.6456	20.6093	21.9126	41.8072
480 400	9.92613	11.7114	29.4754	9.83257	8.92696	24.4551
480 440	3.9137	4.64156	12.8886	2.83286	4.19398	10.6992
480 480	2.01898	3.67607	10.0211	1.38308	2.64936	9.16311
480 520	1.11839	1.41751	5.49563	1.08834	1.11979	4.98082
480 560	0.493584	0.781568	3.06647	0.375261	0.798695	2.78921
480 600	0.287486	0.347165	2.03949	0.240239	0.290716	1.53434
480 640	0.142982	0.156913	1.06421	0.123535	0.172533	0.93153
480 680	0.0750297	0.0880485	0.638859	0.0754251	0.121065	0.541298
480 720	0.0418858	0.0778712	0.36477	0.0224543	0.0477192	0.344675
480 760	0	0	0	0	0	0
520 0	0	0	0	0	0	0
520 40	0	0	0	0	0	0
520 80	267.803	0	688.632	277.452	51.1707	51.1707
520 120	600.817	222.373	137.824	624.992	82.1597	79.8586
520 160	504.858	191.18	78.4167	432.32	141.161	73.4238
520 200	274.212	160.598	78.4608	240.376	110.573	57.7624
520 240	161.381	92.2421	75.5639	138.19	103.949	59.2745
520 280	94.2412	76.8007	81.0479	85.3646	61.0633	66.1772
520 320	47.7894	52.1111	64.1195	43.4003	46.2091	60.3729
520 360	21.7334	26.8697	44.4926	18.081	24.7415	40.7969
520 400	9.54539	11.156	28.9207	8.05527	9.3574	24.291
520 440	4.08695	5.49793	15.9705	3.76424	4.5541	13.5539
520 480	2.44083	2.26269	9.09105	1.75346	2.01715	7.66572
520 520	0.84356	0.974958	4.15687	0.828763	0.955018	3.13508
520 560	0.382617	0.552145	2.78194	0.220387	0.490514	1.99455
520 600	0.0960029	0.216252	0.940223	0.129525	0.184775	0.842633
520 640	0.168686	0.182425	1.01449	0.076757	0.123552	0.89967
520 680	0.0284951	0.0541782	0.22898	0.0246929	0.0432687	0.275037
520 720	0.0325816	0.0483643	0.285184	0.0438604	0.0309774	0.201393
520 760	0.00790979	0.00737145	0.0583008	0.00980912	0.0116126	0.0572731
560 0	0	0	0	0	0	0
560 40	0	0	0	0	0	0
560 80	511.275	281.675	32.3535	182.311	42.111	0
560 120	592.041	136.958	109.628	471.141	184.211	89.5345
560 160	433.81	151.996	84.4432	309.169	162.388	55.2841
560 200	283.511	121.072	64.0167	202.474	106.652	68.1921
560 240	138.975	105.481	63.1034	118.526	66.7394	56.9034
560 280	90.039	64.9855	61.2631	64.9992	48.7425	54.095
560 320	50.1701	45.373	60.9937	38.2792	37.861	47.3774
560 360	27.4723	25.1269	44.1973	17.966	20.289	37.0724
560 400	8.81803	12.434	26.0588	8.40799	9.53517	21.9447
560 440	3.97665	4.98002	15.3298	3.50204	3.41695	13.6408
560 480	1.75952	2.51036	9.164	1.501	2.16564	7.5457
560 520	0.824912	1.08246	5.14231	0.650004	1.27446	4.51708
560 560	0.21855	0.342953	1.59527	0.179536	0.238489	1.44436
560 600	0.0682734	0.152985	0.773055	0.11491	0.0935748	0.790671
560 640	0.156577	0.168935	0.988496	0.117166	0.101725	0.792463
560 680	0.0718243	0.104213	0.565105	0.0576911	0.0943721	0.442881
560 720	0.0285377	0.0486062	0.307811	0.0477584	0.0302983	0.274325
560 760	0.0160673	0.0248263	0.126624	0.0081845	0.0127062	0.0935899
600 0	0	0	0	0	0	0
600 40	0	0	0	0	0	0
600 80	128.262	329.803	195.411	181.145	69.4877	0
600 120	506.671	142.944	59.5271	292.615	168.015	60.3055
600 160	250.017	75.7086	48.3173	234.041	76.9379	44.7533
600 200	241.745	106.866	78.8948	171.83	118.453	72.3516
600 240	140.218	80.8612	56.3553	103.726	69.8772	48.4654
600 280	73.144	51.9223	45.5308	61.4607	51.4351	48.8771
600 320	35.5614	27.7843	35.289	29.184	24.9471	32.1616
600 360	24.4132	24.4629	41.5174	18.8394	18.032	35.1394
600 400	9.27669	11.4866	24.3847	7.39069	9.22815	22.0167
600 440	4.13514	5.09945	14.3086	3.31571	4.1937	11.8807
600 480	1.96889	2.26587	7.80657	1.14156	1.86493	7.43969
600 520	0.907128	0.750716	5.86877	0.84256	0.975529	4.22224
600 560	0.238936	0.224197	1.42316	0.152117	0.182146	1.24537
600 600	0.123847	0.221853	1.25478	0.147212	0.195858	1.15147
600 640	0.071001	0.141678	0.790755	0.0732524	0.124589	0.528422
600 680	0.0643091	0.0743773	0.332044	0.0418823	0.0584922	0.336162
600 720	0.0243219	0.0287115	0.227266	0.0226862	0.0281414	0.177951
600 760	0.0135128	0.0206964	0.0934149	0.00958216	0.0177487	0.0856933
640 0	0	0	0	0	0	0
640 40	0	0	0	0	0	0
640 80	217.302	0	0	151.407	0	0
640 120	249.637	145.707	50.6236	168.1	7.50121	0
640 160	366.223	142.321	53.606	235.552	119.234	57.5713
640 200	209.253	92.6211	48.5397	145.505	92.4041	46.5148
640 240	143.138	69.6644	42.4844	94.679	57.0381	54.6792
640 280	70.1941	47.3877	38.3494	56.9604	42.9927	42.133
640 320	26.7293	19.6852	29.3922	22.6357	16.9007	25.5485
640 360	24.2535	20.4971	33.3599	17.4094	18.0229	35.1761
640 400	9.74043	10.4721	23.3591	8.14775	9.12534	21.0571
640 440	3.20969	3.53455	9.45125	2.67186	2.98843	8.31339
640 480	1.83335	2.18631	7.73503	1.70542	1.64756	6.63769
640 520	0.560948	0.51855	2.50473	0.282604	0.431643	1.72436
640 560	0.133697	0.335468	1.26689	0.187669	0.165376	1.09423
640 600	0.139097	0.09698	0.781732	0.0449923	0.123991	0.532431
640 640	0.0696764	0.0417529	0.40161	0.054786	0.050818	0.303724
640 680	0.0438955	0.0494605	0.228544	0.0330443	0.0375952	0.255093
640 720	0.00886053	0.0180817	0.0816377	0.00712385	0.0190975	0.0894509
640 760	0.00902231	0.0236308	0.104474	0.00624084	0.00891174	0.0641688
680 0	0	0	0	0	0	0
680 40	0	0	0	0	0	0
680 80	184.298	86.4135	0	1609.41	634.917	0
680 120	317.391	120.436	60.8978	348.039	129.285	26.824
680 160	344.844	111.877	53.5887	301.67	86.7032	59.7121
680 200	202.625	73.9017	65.5078	155.261	76.0014	45.0127
680 240	101.3	62.2743	44.9725	82.157	58.7322	44.7177
680 280	52.2909	42.1141	32.6328	54.883	34.8975	31.0527
680 320	29.0951	23.338	30.7735	26.4327	23.7487	28.1116
680 360	19.9003	17.289	28.628	13.3807	14.8159	22.6206
680 400	8.85665	10.2872	20.9847	7.65361	9.60448	19.6093
680 440	3.18767	3.2417	9.83204	2.04688	2.97499	9.06456
680 480	1.82363	2.00599	7.50489	1.23986	1.58722	7.0508
680 520	1.00896	1.08764	4.71796	0.600911	0.848665	3.40374
680 560	0.330393	0.391676	1.86414	0.292674	0.247478	1.51571
680 600	0.162698	0.265072	1.43814	0.2068	0.233256	1.15091
680 640	0.125877	0.162391	0.911568	0.105361	0.144733	0.682332
680 680	0.0530231	0.0672183	0.28894	0.0484013	0.0471996	0.287952
680 720	0.0458146	0.0549493	0.228513	0.0361255	0.0313389	0.20367
680 760	0.0135325	0.0126325	0.0918955	0.0118786	0.0144265	0.0782563
720 0	0	0	0	0	0	0
720 40	0	0	0	0	0	0
720 80	599.415	85.4393	38.8516	295.278	40.2865	38.8516
720 120	279.751	178.255	20.47	361.442	103.069	8.23212
720 160	298.368	72.0938	53.5017	230.492	128.66	61.9524
720 200	189.205	64.3845	60.7394	132.414	70.5859	58.5003
720 240	106.407	61.0195	45.4255	76.5883	50.859	34.6502
720 280	54.1103	34.6399	35.33	42.644	33.2153	30.8737
720 320	30.2567	20.0045	26.864	23.1591	20.1004	21.8131
720 360	15.8608	16.7297	25.1813	12.3678	12.8483	21.7843
720 400	3.78723	5.75505	9.89709	3.54508	4.27899	8.7301
720 440	1.76369	2.12545	7.39091	1.65878	2.21713	5.2273
720 480	0.959725	1.24643	3.77122	0.744778	0.884173	3.39959
720 520	0.278809	0.513026	1.88715	0.268402	0.475956	1.82478
720 560	0.0522047	0.0621697	0.703549	0.0606885	0.0752308	0.613576
720 600	0.0337037	0.0592942	0.311618	0.0350452	0.0607138	0.214864
720 640	0.0665194	0.139075	0.74573	0.102177	0.105062	0.702504
720 680	0.0426101	0.0740778	0.39884	0.0343515	0.0381461	0.289949
720 720	0.0558967	0.0348597	0.259091	0.0183628	0.0386641	0.219488
720 760	0.0147313	0.015081	0.10642	0.00513535	0.0163892	0.0695893
760 0	0	0	0	0	0	0
760 40	4270.83	0	0	0	0	0
760 80	395.346	36.8939	43.636	120.858	0	43.636
760 120	450.858	126.739	50.7164	270.762	98.1339	55.0589
760 160	202.189	131.817	66.4418	219.68	87.6279	54.6299
760 200	148.762	83.6115	27.6424	131.729	67.8438	45.5454
760 240	92.429	54.8057	36.1122	74.2655	43.0432	31.8766
760 280	51.5793	35.6315	32.1236	36.2201	28.4965	26.6999
760 320	26.6722	21.5099	24.4844	19.1218	16.3557	19.3961
760 360	13.4796	12.1739	20.5128	11.5265	8.65864	18.1677
760 400	8.61496	7.71244	15.9904	6.34576	6.25141	13.1115
760 440	4.34351	4.8775	11.6863	3.58202	3.22031	9.56695
760 480	1.56336	2.42378	7.30119	1.27654	1.61524	5.98962
760 520	0.671188	0.930884	4.14351	0.734653	0.682891	3.18678
760 560	0.426116	0.537532	2.23927	0.290166	0.426573	2.01644
760 600	0.212489	0.234374	1.21193	0.232034	0.183658	1.05008
760 640	0.125306	0.155197	0.723859	0.0941065	0.138433	0.579215
760 680	0.0692549	0.0859039	0.393172	0.0482825	0.0746468	0.301004
760 720	0.0331232	0.0487357	0.254331	0.0234217	0.0360844	0.21402
760 760	0.00974589	0.0185359	0.085332	0.0141713	0.0206885	0.0783784
800 0	0	0	0	0	0	0
800 40	0	0	0	0	0	0
800 80	969.875	241.744	37.1889	539.721	39.2043	39.2043
800 120	243.956	143.622	48.3435	377.647	165.986	64.5672
800 160	290.946	129.72	38.8066	234.54	60.5785	34.4585
800 200	124.492	63.0636	48.9928	115.888	55.5608	34.0998
800 240	84.599	41.3346	37.5183	59.8596	31.4898	33.5945
800 280	36.4997	30.8207	30.2182	28.9301	23.539	24.0649
800 320	21.2198	14.6167	21.9865	17.912	14.2131	18.36
800 360	12.9496	10.8207	17.6051	9.36402	9.13864	13.6904
800 400	6.37035	6.70018	13.8751	6.32235	5.57683	11.489
800 440	3.28906	3.8291	9.66819	3.11152	2.93314	8.63143
800 480	1.33734	1.28929	4.50253	1.29763	1.16463	3.93726
800 520	0.772197	0.83936	3.72445	0.526851	0.727932	3.12691
800 560	0.367408	0.419058	2.08306	0.257788	0.380668	1.89718
800 600	0.155162	0.264703	1.20526	0.203485	0.262182	1.0825
800 640	0.131496	0.112823	0.625535	0.0806789	0.111324	0.575043
800 680	0.0600581	0.072616	0.365307	0.0379823	0.073854	0.294468
800 720	0.0195763	0.0198287	0.152288	0.0203647	0.032071	0.14574
800 760	0.00488714	0.00610374	0.0415757	0.00700147	0.00657626	0.0390571
840 0	0	0	0	0	0	0
840 40	0	0	0	0	0	0
840 80	593.791	80.1024	0	679.679	42.0553	0
840 120	240.051	73.8603	8.30592	255.229	133.253	20.5363
840 160	167.75	92.3871	33.0542	128.677	68.3021	28.655
840 200	100.781	47.4552	26.6524	79.7094	42.0067	25.709
840 240	73.7744	32.2419	29.1513	54.4852	30.3987	30.7621
840 280	39.6375	28.7561	25.0522	34.9022	26.4234	16.4139
840 320	23.2376	17.2471	14.6457	16.2159	15.5777	14.4223
840 360	12.1602	10.1476	13.429	10.454	7.54261	11.6579
840 400	6.5385	6.28927	11.8093	5.48386	4.17839	10.7436
840 440	3.55228	3.75621	9.20596	2.66838	2.99299	6.77044
840 480	1.41903	1.83879	5.21272	1.16782	1.29971	5.14351
840 520	0.562608	0.655107	2.40069	0.500283	0.568773	2.56952
840 560	0.122822	0.200324	0.979252	0.130474	0.213392	0.882971
840 600	0.0821567	0.11961	0.601709	0.0585558	0.105706	0.513118
840 640	0.0433323	0.0262281	0.264448	0.0259499	0.095833	0.315896
840 680	0.0205008	0.0436182	0.188006	0.0172603	0.0240519	0.182765
840 720	0.0138336	0.0209165	0.0871702	0.0185844	0.0146477	0.0905793
840 760	0.00738768	0.0056459	0.0439742	0.00397252	0.00352783	0.0308712
880 0	0	0	0	0	0	0
880 40	0	0	0	0	0	0
880 80	122.779	94.2804	45.093	304.136	0	44.8222
880 120	0	0	0	0	0	0
880 160	0	0	0	0	0	0
880 200	0	0	0	0	0	0
880 240	0	0	0	0	0	0
880 280	27.4316	20.8312	24.2796	25.0833	15.6186	10.4893
880 320	16.1627	13.3789	17.6801	13.4177	11.614	15.0396
880 360	6.26622	6.29225	8.94808	5.97922	5.22047	8.18871
880 400	5.22084	5.096	8.63647	3.59672	4.36913	7.75753
880 440	3.12694	3.34838	8.51006	2.63834	2.37173	6.2301
880 480	1.32914	1.14567	3.77618	0.888358	0.960811	2.96997
880 520	0.024098	0.0918716	1.10538	0.143676	0.0727006	0.785959
880 560	0	0	0	0	0	0
880 600	0	0	0	0	0	0
880 640	0	0	0	0	0	0
880 680	0	0	0	0	0	0
880 720	0	0	0	0	0	0
880 760	0	0	0	0	0	0
920 0	0	0	0	0	0	0
920 40	0	0	0	0	0	0
920 80	659.519	42.6168	0	325.185	49.009	29.4777
920 120	0	0	0	0	0	0
920 160	0	0	0	0	0	0
920 200	0	0	0	0	0	0
920 240	0	0	0	0	0	0
920 280	0	0	0	0	0	0
920 320	20.0927	10.5528	16.1404	14.5976	10.6141	14.2283
920 360	5.8552	5.70096	8.2303	6.15993	4.24031	6.52354
920 400	4.12355	3.77043	7.98415	3.68838	3.54717	6.87264
920 440	2.92122	2.6069	6.01619	2.02122	2.30088	5.11738
920 480	0.988285	1.44889	3.05899	1.00054	0.957442	2.89128
920 520	0	0	0	0	0	0
920 560	0	0	0	0	0	0
920 600	0.0564867	0.0673215	0.404367	0.116481	0.103721	0.356009
920 640	0	0	0	0	0	0
920 680	0	0	0	0	0	0
920 720	0	0	0	0	0	0
920 760	0	0	0	0	0	0
960 0	0	0	0	0	0	0
960 40	0	0	0	0	0	0
960 80	0	0	0	0	0	0
960 120	0	0	0	0	0	0
960 160	0	0	0	0	0	0
960 200	0	0	0	0	0	0
960 240	0	0	0	0	0	0
960 280	7.5586	3.71383	6.57401	3.42865	6.1385	1.53264
960 320	13.7268	9.30619	10.5863	7.6036	8.17379	11.5709
960 360	7.89513	6.14868	10.5182	6.50122	6.45544	7.61625
960 400	1.9883	2.12847	3.45454	1.26921	1.40999	3.36425
960 440	1.31375	1.6587	3.15539	1.07764	1.19591	2.38422
960 480	0	0	0	0	0	0
960 520	0	0	0	0	0	0
960 560	0	0	0	0	0	0
960 600	0	0	0	0	0	0
960 640	0	0	0	0	0	0
960 680	0	0	0	0	0	0
960 720	0	0	0	0	0	0
960 760	0.00827116	0.00609708	0.0226328	0.00243883	0.00487766	0.0209199
1000 0	0	0	0	0	0	0
1000 40	0	0	0	0	0	0
1000 80	143.228	0	10.2456	207.917	0	0
1000 120	154.45	33.8962	34.1434	120.626	43.5661	31.2204
1000 160	87.8264	22.9896	15.5028	93.3186	21.0588	6.34134
1000 200	54.6016	28.4619	10.8802	42.8345	21.9661	8.71394
1000 240	27.5899	7.88597	18.2813	13.4097	4.98396	7.64594
1000 280	11.3963	8.09031	8.57831	12.0955	8.10615	6.89581
1000 320	14.1775	12.174	11.5046	11.6162	8.9313	8.86444
1000 360	7.43733	6.70275	9.32632	4.82126	6.36619	6.36666
1000 400	3.71824	3.26239	5.88659	3.28849	3.45433	6.61289
1000 440	2.07845	1.98273	4.57647	1.21917	1.38149	4.35505
1000 480	1.04008	1.28725	3.25569	1.12512	0.985773	3.27938
1000 520	0.574783	0.626253	2.25442	0.357809	0.551803	2.227
1000 560	0.250094	0.306883	1.34536	0.212511	0.256073	1.33242
1000 600	0.182799	0.141101	0.85363	0.205643	0.228191	0.746626
1000 640	0.0712592	0.0801724	0.50886	0.054629	0.0868438	0.472452
1000 680	0.0444194	0.0471893	0.31111	0.0375177	0.0814189	0.210285
1000 720	0.021472	0.0418338	0.174646	0.0250443	0.0239979	0.147213
1000 760	0.00672728	0.0173347	0.0562107	0.00986059	0.0149052	0.0454271
1040 0	0	0	0	0	0	0
1040 40	0	0	0	0	0	0
1040 80	221.462	16.1893	48.8418	278.07	102.868	16.4631
1040 120	253.289	77.5113	66.1147	184.91	53.4377	22.6821
1040 160	126.793	80.9435	38.6514	112.591	44.5138	29.2823
1040 200	97.7372	32.4104	30.9684	79.0092	39.7323	25.2593
1040 240	48.4052	22.2964	14.7136	43.2428	21.0911	16.2892
1040 280	23.8967	14.4527	15.77	22.9592	16.1967	13.7461
1040 320	12.2002	11.2549	9.45885	8.22337	8.58175	11.0465
1040 360	5.83292	4.15741	7.99309	4.85716	5.35935	5.97636
1040 400	2.716	2.64789	4.43061	1.93493	1.99619	3.50316
1040 440	1.56135	1.21689	4.27018	1.63356	1.52746	2.83404
1040 480	1.0141	1.1156	3.29699	1.08248	0.740897	2.69134
1040 520	0.402	0.554583	1.50485	0.352079	0.586394	1.30856
1040 560	0.28377	0.354839	1.32532	0.262154	0.300482	1.07739
1040 600	0.179194	0.190718	0.699534	0.131908	0.184976	0.632443
1040 640	0.0610707	0.0725968	0.293503	0.0487971	0.0604881	0.324371
1040 680	0.0468799	0.0631829	0.26857	0.0318207	0.0490654	0.249006
1040 720	0.0283773	0.0327306	0.13896	0.0252404	0.0306525	0.161777
1040 760	0.0101685	0.00949513	0.0616383	0.00906649	0.00931735	0.040495
1080 0	0	0	0	0	0	0
1080 40	0	0	0	0	0	0
1080 80	200.314	35.8347	0	71.6693	164.479	35.8347
1080 120	170.044	48.8659	69.3912	175.442	62.8541	26.289
1080 160	199.626	33.987	32.7909	165.532	41.0456	29.0141
1080 200	75.2784	30.2521	28.6478	59.2755	36.9393	22.1755
1080 240	45.8068	24.7182	15.8174	34.6457	25.3652	15.6439
1080 280	21.9484	16.6583	12.429	19.6167	12.012	9.84903
1080 320	10.5734	9.60608	9.82054	9.39981	8.06151	9.20559
1080 360	5.71269	3.62497	5.71007	5.91469	3.70301	6.72607
1080 400	3.47191	1.92958	4.68843	2.74307	2.60572	5.15157
1080 440	0.65682	0.72108	1.6497	0.54551	0.741769	1.61856
1080 480	0.60573	0.404315	1.40994	0.194955	0.327199	1.07238
1080 520	0.215377	0.306839	0.943888	0.224689	0.114356	0.888751
1080 560	0.156376	0.134611	0.495498	0.123505	0.0736352	0.41837
1080 600	0.0819209	0.104702	0.317521	0.0523852	0.0873659	0.207305
1080 640	0.0362515	0.0558831	0.196945	0.0261931	0.0421958	0.162957
1080 680	0.0442284	0.044435	0.219897	0.036467	0.0319434	0.215513
1080 720	0.021103	0.0474557	0.147476	0.0168754	0.037686	0.139262
1080 760	0.00592941	0.0126838	0.0786869	0.00734841	0.0102563	0.0447909
1120 0	0	0	0	0	0	0
1120 40	0	0	0	0	0	0
1120 80	198.079	35.4537	34.0527	0	0	0
1120 120	150.804	0	51.7147	120.503	25.8909	13.8511
1120 160	129.515	46.935	22.3525	119.082	16.9414	22.9007
1120 200	89.5335	25.402	26.4835	62.2264	30.93	21.5272
1120 240	32.7539	16.7647	11.6604	34.9298	12.7152	10.6293
1120 280	11.2245	4.37652	7.65808	9.06778	4.45861	5.33588
1120 320	4.33641	2.84089	5.20391	2.43197	2.38243	4.54742
1120 360	2.73387	2.52561	2.75919	2.22758	2.03245	2.89952
1120 400	1.63767	1.14099	2.65948	0.768919	1.35762	1.91496
1120 440	0.485125	0.737284	1.6642	0.557545	0.760865	0.820226
1120 480	0.428136	0.482914	1.06719	0.255426	0.266302	0.657692
1120 520	0.140149	0.2479	0.719352	0.184127	0.164263	0.717739
1120 560	0.135311	0.226439	0.431457	0.0878783	0.127137	0.526661
1120 600	0.0823476	0.0994582	0.346058	0.0429127	0.0663002	0.241578
1120 640	0.0567355	0.0556885	0.198455	0.0334389	0.0502081	0.134524
1120 680	0.0138243	0.0254897	0.105071	0.0196241	0.0241429	0.0961948
1120 720	0.0117872	0.0155818	0.0612983	0.0137044	0.00895204	0.0559062
1120 760	0.00390129	0.00394592	0.0330767	0.00486627	0.00642544	0.0231411
1160 0	0	0	0	0	0	0
1160 40	0	0	0	9.97446	0	0
1160 80	97.6031	97.835	22.1517	191.914	157.385	122.153
1160 120	160.986	34.0721	21.5111	148.648	96.2383	33.6064
1160 160	121.671	59.0018	20.5606	90.4543	22.9317	9.28409
1160 200	93.5951	35.9268	23.1087	62.2174	28.0279	25.6132
1160 240	41.7322	26.2254	15.4543	32.6879	25.3413	11.4372
1160 280	23.724	13.1492	12.0003	14.062	10.1679	12.0744
1160 320	9.58597	5.6466	6.99893	7.08656	7.04457	6.15534
1160 360	5.09868	3.25588	6.00195	5.47574	3.87313	4.87828
1160 400	2.43916	2.24981	4.2696	2.41136	2.43088	3.69794
1160 440	1.57934	1.30241	2.8842	1.03797	1.13153	2.5307
1160 480	0.838792	0.774439	1.91776	0.494813	0.579485	1.41304
1160 520	0.554434	0.415912	1.59105	0.219197	0.459837	1.25097
1160 560	0.305023	0.292912	0.963249	0.248294	0.330113	0.8629
1160 600	0.0834136	0.162244	0.371733	0.0868468	0.0924808	0.351944
1160 640	0.0757993	0.0766929	0.296946	0.0685702	0.0687178	0.350744
1160 680	0.0600157	0.0558747	0.245424	0.0404232	0.0342053	0.192952
1160 720	0.023022	0.0318234	0.132067	0.0169553	0.0411045	0.120144
1160 760	0.00509001	0.00650431	0.0414274	0.0102266	0.00306853	0.0382067
1200 0	0	0	0	0	0	0
1200 40	5260.57	0	0	0	0	0
1200 80	33.8189	66.1765	51.0216	39.1685	16.9095	0
1200 120	200.746	58.8628	21.6396	190.827	38.5932	8.98302
1200 160	98.6808	64.6042	23.5642	107.707	42.0822	14.3428
1200 200	98.0869	28.7417	12.4754	61.3048	31.7878	15.7192
1200 240	44.9414	13.7338	14.6166	27.2289	15.5117	13.6228
1200 280	12.7563	10.8691	7.82913	16.4767	9.18064	9.14364
1200 320	4.39104	3.90442	3.9501	3.87573	1.88678	2.84813
1200 360	2.43467	1.85551	2.9273	1.76978	1.98372	2.47952
1200 400	1.62366	1.18032	1.88974	0.816117	1.26239	1.17504
1200 440	0.760498	0.590076	1.09247	0.48893	0.45954	1.0788
1200 480	0.425116	0.485521	0.950198	0.372287	0.481268	1.0168
1200 520	0.440257	0.428422	0.94638	0.494003	0.378334	0.987294
1200 560	0.208732	0.252099	0.722585	0.196455	0.205806	0.655012
1200 600	0.11447	0.093772	0.510447	0.0867092	0.115119	0.407197
1200 640	0.0504487	0.0765249	0.221699	0.0361824	0.0481517	0.20642
1200 680	0.0359732	0.0464545	0.203979	0.0363582	0.0524954	0.162126
1200 720	0.0268317	0.0326565	0.136919	0.0254562	0.0303162	0.100424
1200 760	0.00652035	0.0196777	0.0317412	0.0106806	0.00796692	0.0351498
1240 0	0	0	0	0	0	0
1240 40	0	0	0	0	0	0
1240 80	163.455	33.1953	0	151.047	29.6727	29.6727
1240 120	178.094	39.6612	42.2923	126.711	95.5868	19.5917
1240 160	101.937	29.3804	9.47774	112.124	36.4019	8.93674
1240 200	55.4107	30.5393	18.4602	54.766	33.132	18.5603
1240 240	35.841	21.5458	10.7896	25.4639	13.2608	7.0702
1240 280	14.7747	12.5412	10.5969	11.8119	4.90958	5.64613
1240 320	11.4867	4.5427	7.87033	6.59491	5.59545	7.27356
1240 360	2.9457	4.63318	4.99829	3.14016	3.12498	4.88103
1240 400	2.29537	1.87184	3.0995	2.03598	1.33398	3.25034
1240 440	1.06576	1.18861	2.0784	0.962595	0.783588	1.7321
1240 480	0.721975	0.711894	1.56764	0.464951	0.464989	1.23452
1240 520	0.224564	0.402947	0.927794	0.236507	0.250919	0.788591
1240 560	0.229836	0.241019	0.827589	0.153274	0.150307	0.630949
1240 600	0.127945	0.094872	0.384391	0.0574435	0.132106	0.385644
1240 640	0.0677375	0.109482	0.306933	0.0633243	0.0570852	0.245251
1240 680	0.0299216	0.0483739	0.21164	0.0590818	0.0757048	0.138939
1240 720	0.0285914	0.0254395	0.13677	0.025112	0.011967	0.105595
1240 760	0.00305917	0.0140614	0.025939	0.00841188	0.0178956	0.0272862
1280 0	0	0	0	0	0	0
1280 40	0	0	0	0	0	0
1280 80	56.0477	0	58.9004	33.2927	33.2927	0
1280 120	97.6707	13.6906	14.1497	76.6757	29.5456	9.50824
1280 160	69.3046	41.2063	14.7317	68.68	9.44404	12.7286
1280 200	34.5853	19.5157	16.4282	29.7391	10.2525	6.7615
1280 240	19.3779	10.586	8.15371	18.6573	10.1354	7.1044
1280 280	13.3294	5.36836	5.66212	7.0762	5.46576	3.14377
1280 320	5.16839	2.33083	2.8241	3.58331	3.0916	3.23931
1280 360	2.21311	2.31544	2.25973	2.03472	1.70622	1.90276
1280 400	0.969758	1.3839	1.63538	0.744952	0.639589	1.73546
1280 440	0.785425	0.430043	0.910049	0.506546	0.529266	0.923839
1280 480	0.261546	0.371525	0.728885	0.138908	0.355654	0.659792
1280 520	0.175488	0.129477	0.338066	0.135139	0.113822	0.400481
1280 560	0	0	0	0	0	0
1280 600	0	0	0	0	0	0
1280 640	0	0	0	0	0	0
1280 680	0	0	0	0	0	0
1280 720	0	0	0	0	0	0
1280 760	0.00759678	0.0111849	0.0229898	0.00328437	0.00740209	0.0144856
1320 0	0	0	0	0	0	0
1320 40	0	0	0	2378.79	0	0
1320 80	25.4746	32.6052	0	130.421	0	0
1320 120	126.751	40.5797	0	63.7801	20.2899	6.62769
1320 160	93.8355	15.3221	6.37419	54.0471	11.6018	16.666
1320 200	37.1632	15.2627	8.43956	25.635	17.1591	3.82265
1320 240	40.5264	18.4623	15.307	31.7315	17.6934	10.9414
1320 280	16.0419	12.8983	11.7511	14.0736	9.52863	7.37938
1320 320	8.92708	4.68443	4.99295	9.01444	5.77098	5.57047
1320 360	3.38964	2.47675	4.28021	3.71864	2.27572	3.80038
1320 400	2.33412	1.88135	2.52468	1.66341	1.42426	1.9463
1320 440	0.746339	0.861861	2.03826	0.982192	1.00312	1.41015
1320 480	0.523379	0.568924	1.17878	0.348163	0.327568	0.964504
1320 520	0.281804	0.230497	0.814035	0.316223	0.414202	0.550211
1320 560	0.166009	0.152264	0.380817	0.122581	0.109236	0.375449
1320 600	0.121368	0.119959	0.376596	0.0542604	0.116565	0.236405
1320 640	0.0212803	0.0220971	0.0779392	0.0151164	0.0195708	0.0518582
1320 680	0.02164	0.0297151	0.104574	0.0224365	0.0151689	0.0471098
1320 720	0.0141962	0.0136975	0.0666877	0.0126416	0.0117087	0.025937
1320 760	0.00355917	0.00551816	0.0162234	0.00506693	0.00345087	0.01372
1360 0	0	0	0	0	0	0
1360 40	0	0	0	0	0	0
1360 80	65.3963	0	0	65.3963	0	32.6982
1360 120	73.5569	47.2286	0	127.936	0	17.8454
1360 160	64.4904	22.4547	20.3877	33.9062	16.3424	4.56028
1360 200	38.3369	10.5378	1.25849	25.5403	14.417	1.25849
1360 240	23.0775	9.39927	7.96527	16.2033	7.72893	2.49547
1360 280	7.34889	4.67008	4.82202	5.18617	5.32942	4.87222
1360 320	2.64274	2.70301	3.70375	5.01821	3.25845	2.27043
1360 360	4.06406	3.38092	3.80505	3.09049	3.05942	3.73997
1360 400	1.67815	1.67845	2.06347	1.25339	1.39988	1.58697
1360 440	1.18821	0.944246	1.82405	0.723458	1.07357	1.31641
1360 480	0.467499	0.391235	1.17391	0.29597	0.457646	0.917843
1360 520	0.21478	0.297844	0.671543	0.213865	0.233465	0.623977
1360 560	0.175942	0.189044	0.505288	0.145628	0.219724	0.348778
1360 600	0.123938	0.0848657	0.323459	0.0477651	0.124433	0.269426
1360 640	0.0666969	0.1159	0.218441	0.0753715	0.0633581	0.187848
1360 680	0.037614	0.0608118	0.150576	0.0449901	0.0468055	0.122291
1360 720	0.0296355	0.0270094	0.0755513	0.0220743	0.02744	0.0870383
1360 760	0.00965707	0.00798891	0.0270725	0.00657067	0.00639723	0.0287489
1400 0	0	0	0	0	0	0
1400 40	0	0	0	0	0	0
1400 80	297.251	0	32.4723	32.287	32.3358	0
1400 120	239.779	37.4829	6.50528	103.023	26.2483	20.7761
1400 160	106.163	42.6066	27.6728	88.4133	33.4905	17.1863
1400 200	75.6428	36.5696	16.7038	63.7812	20.8151	10.1542
1400 240	26.5798	16.7709	11.8164	33.9048	9.02796	6.42138
1400 280	15.3696	9.46991	7.90046	11.0539	10.2541	6.69735
1400 320	8.22076	5.44974	4.68937	5.10246	5.17237	5.50056
1400 360	2.75914	2.97674	3.37706	2.52111	2.82212	2.76585
1400 400	1.24906	1.68484	2.30792	1.49452	1.33491	2.13454
1400 440	0.933526	0.551812	1.42603	0.745943	0.50668	1.5332
1400 480	0.505797	0.46839	1.01971	0.256403	0.445501	0.69625
1400 520	0.18287	0.184232	0.357885	0.262467	0.232298	0.401982
1400 560	0.130221	0.18879	0.408297	0.157619	0.118708	0.300848
1400 600	0.108191	0.111612	0.212008	0.0611153	0.139112	0.205241
1400 640	0.0580253	0.0563967	0.201579	0.0657965	0.0819703	0.187238
1400 680	0.0134571	0.0135283	0.0558183	0.0229085	0.0591225	0.0644584
1400 720	0.0303201	0.0285356	0.0925615	0.0172782	0.0150524	0.0732092
1400 760	0.00691638	0.00500001	0.0265869	0.00506173	0.010674	0.0299503
1440 0	0	0	0	0	0	0
1440 40	0	0	0	0	0	0
1440 80	95.8534	0	107.622	203.786	126.137	0
1440 120	191.134	13.2945	8.35182	157.689	39.8188	0
1440 160	143.478	18.8995	11.5192	127.389	14.6134	24.5266
1440 200	66.2656	35.989	12.815	50.9528	21.9617	9.52584
1440 240	33.2198	18.2754	10.7727	22.8695	16.2443	7.53444
1440 280	12.9195	10.0328	8.48963	10.8442	7.1808	6.4933
1440 320	5.7089	4.2489	5.06744	5.69317	3.7043	3.53643
1440 360	3.52917	2.25303	3.53294	3.09483	2.77854	3.57738
1440 400	1.55048	1.33424	2.57638	1.56826	1.12667	2.26216
1440 440	0.871276	0.631037	1.57834	0.603756	0.41218	1.16774
1440 480	0.422727	0.588832	0.414776	0.189216	0.374549	0.544648
1440 520	0.09568	0.175246	0.483781	0.0907821	0.239099	0.543195
1440 560	0.22851	0.0818092	0.371425	0.135182	0.155889	0.26191
1440 600	0.0693186	0.134732	0.218878	0.0892412	0.0882321	0.24318
1440 640	0.0804596	0.0591346	0.124409	0.0575104	0.0465116	0.11582
1440 680	0.0300345	0.0325348	0.108995	0.0280544	0.0290719	0.121102
1440 720	0.028845	0.0283054	0.0782199	0.0222287	0.0282754	0.0648528
1440 760	0.00879295	0.00804636	0.0366477	0.00815739	0.0219116	0.0292898
1480 0	0	0	0	0	0	0
1480 40	0	0	0	0	0	0
1480 80	337.945	107.239	38.3678	247.736	31.8172	0
1480 120	167.072	78.7517	23.2443	260.031	38.9644	22.9944
1480 160	104.798	33.4692	34.1976	99.5818	29.7215	12.046
1480 200	61.5303	22.8329	12.8082	65.543	19.6522	7.15408
1480 240	29.1537	14.406	10.5778	26.2943	13.2632	6.56701
1480 280	20.6901	8.72749	6.71616	17.885	6.71928	8.67876
1480 320	5.85137	3.48492	5.90563	4.54195	5.46654	4.86523
1480 360	2.52167	2.45293	3.08928	1.95044	3.03401	2.67679
1480 400	1.4428	1.14614	1.89506	0.959735	0.931196	1.49367
1480 440	1.01428	0.56752	1.41347	0.60106	0.42866	1.16812
1480 480	0.414322	0.228331	0.770333	0.334136	0.310289	0.713147
1480 520	0.130775	0.366045	0.366056	0.137511	0.180658	0.329045
1480 560	0.126747	0.0865959	0.284589	0.118678	0.0968404	0.196638
1480 600	0.106848	0.092326	0.266298	0.0964807	0.0949789	0.193217
1480 640	0.04941	0.0740955	0.152283	0.0503144	0.0641743	0.153591
1480 680	0.0398883	0.0487604	0.0999302	0.0273969	0.0403347	0.0902489
1480 720	0.0261441	0.0351279	0.0746055	0.0130059	0.0227217	0.0583819
1480 760	0.0121423	0.0116273	0.0319606	0.0141463	0.00745228	0.0280025
1520 0	0	0	0	0	0	0
1520 40	0	0	0	0	0	0
1520 80	379.875	137.365	31.7106	485.53	136.855	0
1520 120	131.615	43.3274	15.279	166.677	67.0368	0
1520 160	49.5435	26.1935	7.78334	49.3989	31.3518	8.87083
1520 200	68.5012	23.0364	10.8202	51.7923	26.0529	14.6781
1520 240	34.7614	16.2331	6.2162	26.7161	9.70854	4.94187
1520 280	14.0641	8.28674	6.51501	17.1682	8.54762	7.42095
1520 320	7.91283	4.50074	4.35028	6.03004	4.42907	4.83593
1520 360	3.61657	1.83706	2.6095	2.48637	2.83883	1.894
1520 400	1.68707	1.23003	1.83613	0.69487	1.32444	1.81018
1520 440	0.787157	0.717163	1.69519	0.389999	0.733678	1.06834
1520 480	0.321555	0.355713	0.700507	0.252285	0.381704	0.896994
1520 520	0.215206	0.341499	0.254322	0.123231	0.310475	0.238823
1520 560	0.110107	0.159513	0.292865	0.0840443	0.105615	0.328218
1520 600	0.100842	0.0957305	0.203323	0.0897827	0.0849659	0.155968
1520 640	0.0565661	0.0387603	0.136594	0.0805068	0.0755567	0.127864
1520 680	0.0336212	0.0573913	0.103716	0.0277773	0.0242168	0.0951761
1520 720	0.0160873	0.0312746	0.094563	0.0157729	0.022597	0.0542576
1520 760	0.0093983	0.0071499	0.0239066	0.0118391	0.00838942	0.0302252
1560 0	0	0	0	0	0	0
1560 40	0	0	0	0	0	0
1560 80	62.0934	138.452	31.0467	139.687	0	31.0467
1560 120	37.9624	44.8245	16.2304	69.8653	25.5758	0
1560 160	67.1002	13.2829	16.0413	35.7916	4.05716	4.05716
1560 200	39.6998	11.8161	5.50693	37.8908	10.0158	6.68164
1560 240	14.505	6.88632	3.83298	8.18662	6.22823	2.62286
1560 280	7.46955	4.10207	3.24569	6.00697	5.06798	3.06101
1560 320	3.63191	1.43017	2.46897	1.60745	0.952094	1.74677
1560 360	1.94427	1.22567	1.03492	0.602716	1.18616	1.24641
1560 400	0.812256	0.473236	0.921708	0.304994	0.689107	0.803548
1560 440	0.56627	0.478739	0.77694	0.239296	0.357382	0.531214
1560 480	0.214742	0.194083	0.498432	0.138771	0.116557	0.365786
1560 520	0.0826138	0.0590411	0.133216	0.0509048	0.070086	0.217948
1560 560	0.0614898	0.0318899	0.0712206	0.04791	0.0352571	0.198071
1560 600	0.0542255	0.0550202	0.115851	0.0307706	0.0384637	0.113224
1560 640	0.0177976	0.0424575	0.0737248	0.0255349	0.0210911	0.0560386
1560 680	0.00452692	0.00976306	0.0126469	0.00446673	0.00625342	0.0172978
1560 720	0.00861338	0.0113224	0.030284	0.0127104	0.0108437	0.0344928
1560 760	0.00579152	0.00562513	0.0094737	0.00306825	0.0035184	0.0190832
1600 0	0	0	0	0	0	0
1600 40	0	0	0	0	0	0
1600 80	160.367	66.2357	0	170.979	0	0
1600 120	52.0407	0	6.29764	57.2319	6.29764	6.29764
1600 160	62.3481	27.3081	9.75288	47.6447	11.3448	7.01335
1600 200	37.2141	8.63759	0.77754	27.8767	7.26521	6.24369
1600 240	13.9979	8.0857	5.20837	10.203	6.32154	3.0076
1600 280	6.52105	3.15917	4.41872	7.15451	4.51534	2.86452
1600 320	3.21231	2.33519	0.841549	2.87651	2.1456	1.20365
1600 360	0.855916	0.352123	0.961599	1.09045	0.980841	0.234748
1600 400	0.661845	0.52975	1.09174	0.48384	0.562968	0.764722
1600 440	0.506669	0.2287	0.367705	0.31332	0.156149	0.381365
1600 480	0.0687666	0.259692	0.379523	0.0660386	0.137682	0.381104
1600 520	0.290465	0.152682	0.400418	0.246762	0.0908795	0.385321
1600 560	0.107785	0.148452	0.242355	0.0824542	0.141536	0.199759
1600 600	0.0832374	0.116712	0.164471	0.11287	0.0934726	0.159237
1600 640	0.0203065	0.0175165	0.043421	0.0280959	0.020795	0.0802517
1600 680	0.0187868	0.0187738	0.0571982	0.0161544	0.0247523	0.0345144
1600 720	0.0115083	0.014734	0.0364598	0.00606305	0.0150382	0.0290043
1600 760	0.00466721	0.00611987	0.0191879	0.00312911	0.00201826	0.00648337
1640 0	0	0	0	0	0	0
1640 40	0	0	0	0	0	0
1640 80	169.534	0	0	31.2453	0	0
1640 120	85.6924	0	0	12.9749	46.7677	0
1640 160	78.6871	7.61513	16.532	49.0842	6.09055	2.03018
1640 200	80.4451	35.2871	6.96691	47.5652	29.8121	8.27132
1640 240	30.0979	14.9255	6.79534	22.709	15.5875	6.46078
1640 280	14.7083	9.79425	6.60907	12.32	5.94347	5.90414
1640 320	5.85922	3.34765	4.33722	3.88824	4.40639	3.16234
1640 360	3.04834	2.59321	2.87098	1.90116	2.55057	2.03044
1640 400	0.732195	1.6794	1.71994	1.1787	1.47995	1.62267
1640 440	0.799798	0.645257	0.884238	0.576415	0.479884	0.72658
1640 480	0.29057	0.418388	0.535216	0.328163	0.365104	0.492528
1640 520	0.273326	0.217779	0.387362	0.195609	0.136987	0.245849
1640 560	0.124862	0.140996	0.373437	0.14194	0.124656	0.185952
1640 600	0.094314	0.08661	0.188835	0.0843434	0.0807954	0.175124
1640 640	0.054914	0.0611373	0.108902	0.0470471	0.0479871	0.141333
1640 680	0.0380758	0.0340945	0.0782435	0.0251358	0.0305	0.0862114
1640 720	0.0224245	0.0240331	0.0734663	0.0202869	0.0156293	0.0493722
1640 760	0.00779402	0.0124108	0.0234036	0.00763764	0.00785755	0.0184282
1680 0	0	0	0	0	0	0
1680 40	0	0	0	0	0	0
1680 80	303.326	76.5553	0	227.616	15.6488	0
1680 120	167.703	36.4406	6.43663	169.688	28.901	15.7043
1680 160	144.916	33.7993	16.924	97.2277	28.1947	6.05409
1680 200	56.1432	27.9326	7.98976	53.8355	21.1708	7.73867
1680 240	32.7523	10.3985	11.1889	24.866	13.1756	5.97846
1680 280	12.1963	7.85292	5.73517	11.4191	7.42465	6.13786
1680 320	2.35541	2.36131	1.82457	2.27166	2.87849	1.98001
1680 360	1.36342	1.0415	1.22126	1.07039	0.978208	1.00823
1680 400	1.09136	0.500608	0.891197	0.631189	0.473069	0.751818
1680 440	0.41074	0.33183	0.755366	0.267219	0.144885	0.486633
1680 480	0.192702	0.196101	0.366819	0.146909	0.201095	0.338445
1680 520	0.0724239	0.103059	0.256878	0.0667889	0.0959995	0.163933
1680 560	0.0944582	0.0790475	0.152143	0.108209	0.0458831	0.102874
1680 600	0.0420489	0.0446063	0.0851302	0.0279448	0.0364079	0.0803679
1680 640	0.0281574	0.064112	0.054391	0.0205155	0.0146066	0.0563237
1680 680	0.0117407	0.0199241	0.0537009	0.0131037	0.0132344	0.0285276
1680 720	0.0157456	0.0166358	0.0319236	0.0115023	0.0123136	0.0335968
1680 760	0.00362587	0.00518355	0.0105049	0.0170911	0.0036346	0.00523768
1720 0	0	0	0	0	0	0
1720 40	0	0	0	0	0	0
1720 80	93.4963	31.1654	0	31.1654	0	0
1720 120	69.483	25.2877	42.5465	37.9704	50.6531	5.81181
1720 160	41.6052	6.08038	9.41146	58.3548	12.02	0
1720 200	42.5719	10.8778	5.03755	28.4309	11.0056	0.831822
1720 240	32.2837	12.8297	4.51907	30.4973	11.4375	4.12983
1720 280	13.6119	7.33295	5.48407	10.6575	8.14704	5.31972
1720 320	7.60721	4.1163	4.18031	4.26546	3.72345	2.78715
1720 360	2.73015	2.27712	2.48711	1.3274	2.05651	1.81008
1720 400	1.695	0.864954	1.70219	1.04956	0.588359	1.44722
1720 440	0.885163	0.791183	0.970542	0.525288	0.458483	0.67589
1720 480	0.332052	0.210433	0.699486	0.323479	0.215949	0.663222
1720 520	0.210715	0.209749	0.281155	0.214079	0.107119	0.285137
1720 560	0.0995719	0.120503	0.176334	0.095495	0.0865462	0.320335
1720 600	0.0757282	0.122326	0.102975	0.051691	0.0424182	0.171461
1720 640	0.0869223	0.0685645	0.104287	0.0478663	0.0612639	0.0848568
1720 680	0.0298592	0.0391727	0.0603006	0.0309634	0.0426785	0.0720656
1720 720	0.0175098	0.0333292	0.05452	0.0210528	0.0265418	0.0465522
1720 760	0.00663174	0.00777384	0.0182188	0.00888385	0.00928884	0.020045
1760 0	0	0	0	0	0	0
1760 40	0	0	0	0	0	0
1760 80	200.633	139.157	0	137.708	30.738	0
1760 120	118.001	35.1136	0	126.735	39.9563	33.4215
1760 160	103.865	22.4159	11.7799	113.456	25.9206	9.37196
1760 200	70.5341	21.9444	8.11917	54.1814	18.3722	11.112
1760 240	30.9058	15.5988	6.9419	21.9239	11.8564	5.30121
1760 280	13.3522	6.70689	4.29572	10.0582	5.51864	4.1883
1760 320	4.89595	4.72782	2.69463	3.53939	3.23467	2.13212
1760 360	1.5084	0.779891	1.23749	1.17265	1.68287	0.597647
1760 400	0.236204	0.452564	1.04707	0.342472	0.177121	0.568294
1760 440	0.303523	0.328064	0.604974	0.16209	0.235489	0.641001
1760 480	0.206631	0.164447	0.327418	0.139543	0.213931	0.264398
1760 520	0.215171	0.107315	0.211996	0.0694525	0.0805298	0.254413
1760 560	0.045671	0.0481339	0.120158	0.046477	0.0651636	0.0877781
1760 600	0.0276272	0.054889	0.0590462	0.0350182	0.0463374	0.0633324
1760 640	0.0338586	0.0290938	0.065805	0.0247845	0.0261906	0.0629775
1760 680	0.0123299	0.0212471	0.0346478	0.0128657	0.0216133	0.0250245
1760 720	0.0134897	0.0137028	0.0526213	0.0063922	0.00989706	0.0260346
1760 760	0.00366383	0.00549574	0.00783999	0.00261702	0.00525823	0.0117805
1800 0	0	0	0	0	0	0
1800 40	0	0	0	0	0	0
1800 80	138.689	0	0	170.452	123.536	30.7843
1800 120	124.263	62.8289	20.0156	100.237	50.2536	6.21253
1800 160	142.454	27.1986	9.21711	114.558	33.9768	3.93702
1800 200	71.0894	28.2056	8.90069	60.4351	24.1647	8.36267
1800 240	32.6223	15.7253	8.86675	26.3133	10.5494	5.06333
1800 280	13.4865	8.98293	6.27288	9.8619	7.59029	4.1018
1800 320	7.34343	4.16277	3.50339	4.94329	4.12783	3.90779
1800 360	2.19002	2.34901	1.9719	2.80039	1.72157	0.987932
1800 400	1.03471	1.63771	1.61872	0.857668	0.80769	0.959475
1800 440	0.887722	0.481451	1.24293	0.56331	0.678546	0.776752
1800 480	0.423364	0.175815	0.780253	0.36195	0.363671	0.49705
1800 520	0.250749	0.18897	0.258598	0.12885	0.117492	0.419732
1800 560	0.0810719	0.141914	0.21187	0.0958006	0.102287	0.148528
1800 600	0.0792174	0.0556164	0.143831	0.0437595	0.0571683	0.144497
1800 640	0.0361136	0.0480513	0.124049	0.0347591	0.0396664	0.094022
1800 680	0.0286408	0.0329499	0.0609555	0.0159285	0.0828399	0.0560648
1800 720	0.0231994	0.0295881	0.0619897	0.0281118	0.0220481	0.0549587
1800 760	0.0100602	0.0118524	0.0230151	0.00975183	0.012143	0.0141539
1840 0	0	0	0	0	0	0
1840 40	0	0	0	0	0	0
1840 80	139.658	0	0	190.888	30.6234	0
1840 120	49.7431	12.5999	0	31.1777	12.5999	25.1999
1840 160	49.7807	21.2541	5.84531	45.5825	16.4723	3.35452
1840 200	30.3602	14.1137	3.90779	33.7532	7.85268	1.21622
1840 240	9.07548	7.4323	2.97752	14.3728	7.01519	1.32066
1840 280	6.087	4.26811	2.54278	3.96289	3.44228	3.44728
1840 320	3.20951	1.44729	2.42719	2.64826	2.31862	2.29365
1840 360	1.40046	1.6909	1.69039	0.796622	1.23143	0.396681
1840 400	0.560898	0.662779	1.06163	0.535047	0.57613	0.767323
1840 440	0.306216	0.372756	0.861101	0.557279	0.598439	0.663313
1840 480	0.318734	0.0653681	0.232928	0.109271	0.0962231	0.242757
1840 520	0.0798434	0.13949	0.0803594	0.0556084	0.0200202	0.108325
1840 560	0.0566827	0.087523	0.0418938	0.0318749	0.0793864	0.074495
1840 600	0.0348868	0.0366679	0.0521349	0.0364568	0.033998	0.05028
1840 640	0.0234663	0.0199813	0.0406332	0.0359582	0.0185635	0.0464912
1840 680	0.0209321	0.0171041	0.0222487	0.0176388	0.0203385	0.0239237
1840 720	0.0122169	0.0204939	0.0512261	0.00543961	0.01055	0.0220877
1840 760	0.00478182	0.00582433	0.00788569	0.00155194	0.00637576	0.0118107
1880 0	0	0	0	0	0	0
1880 40	0	0	0	0	0	0
1880 80	310.77	0	30.1211	142.551	0	0
1880 120	80.6191	12.3988	6.20479	49.6167	18.6144	12.3988
1880 160	56.9476	12.8818	3.37972	39.3472	14.2207	7.06349
1880 200	34.2133	11.7024	2.92866	22.6358	13.5536	2.50365
1880 240	15.6569	4.94397	4.27711	10.2446	6.08127	4.40993
1880 280	7.00017	3.63232	2.18688	5.22997	3.29856	2.65758
1880 320	3.66452	2.49129	1.86494	1.96406	1.49023	1.73631
1880 360	1.93152	0.509737	1.24453	1.20614	1.06439	0.620137
1880 400	0.872022	0.28645	0.669796	0.729908	0.661122	0.636589
1880 440	0.437147	0.392945	0.319241	0.11627	0.332102	0.475562
1880 480	0.24929	0.150463	0.171827	0.150118	0.0681039	0.198728
1880 520	0.0589829	0.068185	0.170294	0.0654447	0.0283214	0.186749
1880 560	0.0332185	0.0444174	0.135708	0.0374902	0.082744	0.0618307
1880 600	0.060005	0.034842	0.087782	0.0267853	0.0312388	0.0358593
1880 640	0.0294053	0.0107419	0.0443907	0.0110406	0.0408974	0.0452647
1880 680	0.0132276	0.0149165	0.030705	0.00987931	0.0117841	0.0390932
1880 720	0.0151425	0.0141295	0.0191986	0.0111778	0.00660184	0.0166257
1880 760	0.0114629	0.00909793	0.0202955	0.00744889	0.00862577	0.0209949
1920 0	0	0	0	0	0	0
1920 40	0	0	0	0	0	0
1920 80	0	0	0	0	0	0
1920 120	0	0	0	0	0	0
1920 160	0	0	0	0	0	0
1920 200	0	0	0	0	0	0
1920 240	0	0	0	0	0	0
1920 280	0	0	0	0	0	0
1920 320	0	0	0	0	0	0
1920 360	0	0	0	0	0	0
1920 400	0	0	0	0	0	0
1920 440	0	0	0	0	0	0
1920 480	0	0	0	0	0	0
1920 520	0	0	0	0	0	0
1920 560	0	0	0	0	0	0
1920 600	0	0	0	0	0	0
1920 640	0	0	0	0	0	0
1920 680	0	0	0	0	0	0
1920 720	0	0	0	0	0	0
1920 760	0	0	0	0	0	0
1960 0	0	0	0	0	0	0
1960 40	0	0	0	0	0	0
1960 80	0	0	0	0	0	0
1960 120	0	0	0	0	0	0
1960 160	0	0	0	0	0	0
1960 200	0	0	0	0	0	0
1960 240	0	0	0	0	0	0
1960 280	0	0	0	0	0	0
1960 320	0	0	0	0	0	0
1960 360	0	0	0	0	0	0
1960 400	0	0	0	0	0	0
1960 440	0	0	0	0	0	0
1960 480	0	0	0	0	0	0
1960 520	0	0	0	0	0	0
1960 560	0	0	0	0	0	0
1960 600	0	0	0	0	0	0
1960 640	0	0	0	0	0	0
1960 680	0	0	0	0	0	0
1960 720	0	0	0	0	0	0
1960 760	0	0	0	0	0	0
