0 0	0	0	0	0	0	0
0 40	0	0	0	0	0	0
0 80	0	0	0	0	900.561	0
0 120	494.418	42.3272	295.563	100.409	0	179.435
0 160	94.7817	91.2427	91.0779	77.8994	108.655	94.9468
0 200	24.5307	0	24.5307	81.3108	27.1036	0
0 240	0	0	0	0	0	0
0 280	0	0	0	0	0	0
0 320	0	0	0	0	0	0
0 360	0	0	0	0	0	0
0 400	0	0	0	0	0	0
0 440	0	0	0	0	0	0
0 480	0	0	0	0	0	0
0 520	0	0	0	0	0	0
0 560	0	0	0	0	0	0
0 600	0	0	0	0	0	0
0 640	0	0	0	0	0	0
0 680	0	0	0	0	0	0
0 720	0	0	0	0	0	0
0 760	0	0	0	0	0	0
40 0	0	0	0	0	0	0
40 40	0	0	0	0	0	0
40 80	0	0	0	323.285	323.285	0
40 120	579.618	142.586	255.939	233.259	221.761	135.309
40 160	215.12	154.22	165.788	123.582	73.9776	182.851
40 200	123.789	94.1382	134.746	143.484	121.007	84.3111
40 240	110.979	88.6477	77.1197	81.262	68.0418	93.4652
40 280	64.3665	55.6896	81.1197	47.9401	56.4464	53.809
40 320	23.0132	20.1423	43.3644	12.7348	22.7214	30.5644
40 360	0	0	0	0	0	0
40 400	0	0	0	0	0	0
40 440	0	0	0	0	0	0
40 480	0	0	0	0	0	0
40 520	0	0	0	0	0	0
40 560	0	0	0	0	0	0
40 600	0	0	0	0	0	0
40 640	0	0	0	0	0	0
40 680	0	0	0	0	0	0
40 720	0	0	0	0	0	0
40 760	0	0	0	0	0	0
80 0	0	0	0	0	0	0
80 40	0	0	0	0	0	0
80 80	0	0	0	0	0	0
80 120	588.572	266.145	229.899	397.618	82.7524	142.753
80 160	291.432	214.902	173.035	214.284	120.395	122.05
80 200	184.252	101.691	110.728	123.483	97.0585	76.8648
80 240	82.4698	72.4408	54.5841	74.46	39.4745	65.568
80 280	24.9499	30.1915	30.9133	30.5899	25.3626	24.0035
80 320	19.3167	25.8159	32.1243	17.04	21.2055	29.4053
80 360	11.0666	13.2738	34.1436	11.4057	10.4753	24.0887
80 400	6.03485	8.34806	23.7183	5.48238	7.14669	19.746
80 440	1.42443	4.16415	14.964	2.56385	4.25876	12.922
80 480	1.41627	2.30806	10.2981	0.821628	1.61729	8.98503
80 520	0.508664	0.638582	3.21648	0.429577	0.611786	2.9898
80 560	0	0	0	0	0	0
80 600	0	0	0	0	0	0
80 640	0	0	0	0	0	0
80 680	0	0	0	0	0	0
80 720	0	0	0	0	0	0
80 760	0	0	0	0	0	0
120 0	0	0	0	0	0	0
120 40	0	0	0	0	0	0
120 80	0	0	0	0	0	0
120 120	162.693	150.658	101.116	183.953	371.098	0
120 160	307.634	72.3804	169.932	163.913	141.41	74.3402
120 200	164.476	127.521	59.6849	131.388	78.0403	73.5802
120 240	124.966	95.3165	76.1938	94.2369	100.874	88.9021
120 280	70.1793	66.2777	77.7321	68.2472	59.7086	80.25
120 320	45.703	42.0621	55.6809	35.5895	34.2807	48.6001
120 360	17.48	20.2574	35.6867	19.3095	17.2362	39.7435
120 400	9.70174	13.0762	31.0268	8.23198	9.44292	25.3759
120 440	5.1803	5.08304	24.6532	4.13264	8.42895	21.0986
120 480	2.77041	4.49277	17.7682	2.457	3.69736	15.5864
120 520	1.20957	1.94028	8.43338	1.07946	1.37787	7.48065
120 560	0.853741	1.0716	6.05274	0.730051	1.09627	4.96851
120 600	0.42146	0.58259	3.50342	0.397955	0.453662	3.72782
120 640	0.0475795	0.0914638	0.606102	0.0249478	0.0760743	0.495453
120 680	0.0231997	0.0812412	0.648756	0.0330095	0.071788	0.504693
120 720	0	0	0	0	0	0
120 760	0	0	0	0	0	0
160 0	0	0	0	0	0	0
160 40	0	0	0	0	0	0
160 80	255.813	0	0	0	0	0
160 120	345.227	338.95	24.5666	295.868	120.196	143.883
160 160	289.505	150.69	80.0724	170.668	73.6995	104.735
160 200	106.882	152.154	70.9131	148.356	63.04	87.3949
160 240	106.051	72.5228	55.4348	90.8857	84.9911	41.6008
160 280	21.2384	4.61968	34.5534	16.1631	18.7938	17.2685
160 320	24.2008	22.3346	27.4322	13.8153	18.3594	26.8736
160 360	10.6004	12.1066	22.2153	8.35632	8.70746	17.8918
160 400	2.61207	2.88283	6.12469	2.75187	2.70132	4.56905
160 440	1.90735	2.78704	9.46556	1.62648	2.78883	8.39538
160 480	1.22202	1.28115	6.71738	0.694449	1.46163	4.98981
160 520	0.666155	0.902519	4.13646	0.410673	0.690018	3.24784
160 560	0.352965	0.51293	2.76624	0.289967	0.281243	2.5418
160 600	0.272232	0.374877	2.58575	0.296503	0.319426	2.31891
160 640	0.223699	0.269522	2.07931	0.116502	0.229833	1.83326
160 680	0.0635197	0.131427	1.35451	0.0561852	0.135713	1.10267
160 720	0.0189736	0.049832	0.719092	0.029239	0.0452128	0.582845
160 760	0.023226	0.0195056	0.221887	0.0153316	0.0192451	0.193397
200 0	0	0	0	0	0	0
200 40	0	0	0	0	0	0
200 80	0	0	0	0	0	0
200 120	222.831	59.5727	44.8459	131.187	20.7475	20.7475
200 160	174.472	45.5487	11.5238	96.5761	44.0916	12.4763
200 200	79.7516	48.2302	36.4708	59.5733	34.5243	29.2554
200 240	51.5074	35.0151	13.761	38.8042	34.2324	22.5505
200 280	38.1456	24.4908	25.2467	22.4601	22.5609	17.575
200 320	34.2148	28.1001	44.7376	29.8737	32.0004	41.3391
200 360	17.6721	14.6774	26.8577	15.9033	14.1912	24.2572
200 400	11.8777	10.8787	27.6324	9.19724	10.499	22.9259
200 440	4.34177	5.76493	20.0054	4.27589	5.43742	15.7738
200 480	2.57163	3.29869	13.3264	1.82438	2.70557	8.85519
200 520	1.27509	1.59718	6.61969	0.949984	1.14321	6.03493
200 560	0.406772	0.932268	5.14845	0.349578	0.709056	3.95985
200 600	0.359403	0.525517	3.25393	0.15209	0.434686	2.71258
200 640	0.152116	0.297242	2.06022	0.116211	0.178593	1.73563
200 680	0.0887187	0.155741	1.2353	0.0697616	0.0620181	0.879712
200 720	0.0447044	0.0732659	0.652289	0.0518746	0.0654336	0.580621
200 760	0.0147223	0.0402332	0.230298	0.0151305	0.0156736	0.191903
240 0	0	0	0	0	0	0
240 40	0	0	0	0	0	0
240 80	0	0	0	0	0	0
240 120	226.446	112.888	91.8346	247.844	144.523	58.2024
240 160	217.446	107.652	62.0497	163.071	100.154	91.9385
240 200	173.776	81.7979	77.3961	85.1173	122.615	52.5667
240 240	98.0545	68.9646	67.8166	93.4249	63.8829	42.9977
240 280	77.4878	57.963	57.782	52.9586	36.6419	55.151
240 320	32.0354	40.9202	48.2918	29.0628	25.613	33.063
240 360	17.1952	17.1314	32.6506	12.7359	17.838	29.6569
240 400	9.60949	10.7608	27.5002	7.83396	9.74807	22.2209
240 440	4.9676	5.73958	17.4715	4.39304	4.84065	14.9788
240 480	2.56517	2.72138	10.2155	2.10138	2.51952	9.44757
240 520	1.00265	1.30496	4.76702	0.883769	0.924602	5.11019
240 560	0.600084	0.807738	4.34149	0.473126	0.801396	3.49234
240 600	0.336951	0.463644	2.2257	0.280552	0.403145	2.10364
240 640	0.100868	0.260527	1.20564	0.121109	0.147136	1.14081
240 680	0.0921604	0.140375	0.985257	0.082447	0.106232	0.852834
240 720	0.0447969	0.0746908	0.620722	0.0355875	0.0489984	0.538893
240 760	0.0211096	0.01895	0.180325	0.0101957	0.0120723	0.184627
280 0	0	0	0	0	0	0
280 40	0	0	0	0	0	0
280 80	0	0	0	2924.73	0	0
280 120	217.699	47.3467	64.7489	263.662	79.6869	33.9086
280 160	296.371	102.193	133.238	253.914	89.2684	82.9608
280 200	181.583	94.3598	70.4189	128.969	89.4997	55.7509
280 240	95.1982	52.5728	48.9446	89.6705	67.0401	46.8154
280 280	52.7971	51.7399	58.5619	61.7962	46.9795	44.9862
280 320	44.5937	36.642	48.3789	36.6183	29.7442	44.6419
280 360	18.1473	20.1417	35.7881	14.1695	15.9683	31.804
280 400	9.13528	9.74656	22.991	6.80642	7.9394	20.5608
280 440	4.41493	5.80237	14.7847	3.32737	3.71348	11.9205
280 480	2.26116	2.30781	10.1118	1.78958	2.20214	8.35986
280 520	1.0077	1.50307	6.13993	1.122	1.12473	4.95382
280 560	0.491556	0.97501	3.93538	0.413519	0.690414	3.62518
280 600	0.285684	0.37133	2.34304	0.2899	0.411613	2.06259
280 640	0.130749	0.178933	1.47144	0.168192	0.176449	1.34515
280 680	0.0672054	0.141077	0.772685	0.0521053	0.0918944	0.644523
280 720	0.0278525	0.0664853	0.481266	0.0292798	0.0272648	0.414342
280 760	0.00386208	0.00409035	0.111756	0.0037598	0.00536912	0.0706511
320 0	0	0	0	0	0	0
320 40	0	0	0	0	0	0
320 80	208.693	46.8239	85.5938	171.188	46.8239	44.4868
320 120	184.085	55.2262	50.7766	141.316	98.4157	40.9862
320 160	244.003	153.431	67.6716	176.52	95.7383	69.0113
320 200	170.88	105.606	48.5782	156.762	95.3196	69.8836
320 240	101.993	66.3465	66.3363	81.5569	71.5282	56.8911
320 280	73.2165	53.8709	61.5092	65.3437	54.0254	44.8654
320 320	43.9361	38.2631	45.6835	30.4705	29.0464	40.0108
320 360	20.8594	21.43	35.3781	16.0053	16.779	29.9475
320 400	8.17298	10.0207	24.0394	6.02425	8.12421	22.0921
320 440	4.22391	4.96053	15.4069	3.39186	4.2909	11.9086
320 480	1.92591	2.82823	9.48616	1.39139	2.41305	7.78977
320 520	1.04269	1.40541	4.76896	0.615526	1.22447	4.81518
320 560	0.470692	0.653504	3.5892	0.369034	0.442763	3.23408
320 600	0.23053	0.316527	1.81776	0.192497	0.292124	1.61332
320 640	0.144295	0.257434	1.18074	0.158082	0.187836	1.01502
320 680	0.0734545	0.109246	0.787476	0.0728363	0.0922154	0.640567
320 720	0.0264361	0.0783002	0.405825	0.032442	0.0526595	0.440747
320 760	0.00668545	0.019011	0.120693	0.00600761	0.00587841	0.160326
360 0	0	0	0	0	0	0
360 40	0	0	0	0	0	0
360 80	0	0	74.8287	0	0	0
360 120	157.824	55.3365	23.8348	84.7627	0	0
360 160	54.849	39.5629	27.4574	91.332	25.0823	24.5443
360 200	62.8829	47.192	25.8273	61.7976	35.2828	34.41
360 240	59.258	33.9891	34.5002	51.5864	24.2135	25.5705
360 280	43.8904	47.19	47.7381	42.0356	38.8904	37.1889
360 320	38.9046	42.0699	46.9097	27.5567	29.1438	40.2402
360 360	18.6178	18.216	31.6275	12.471	17.7011	30.1757
360 400	6.11179	5.73952	16.0473	3.66427	6.16916	14.4703
360 440	4.04436	4.22358	15.3151	3.52769	4.15067	13.6824
360 480	2.07582	2.24592	9.09925	1.34685	2.06972	8.02532
360 520	1.01528	1.30147	5.77159	0.668017	1.10481	4.68162
360 560	0.377295	0.573667	3.23258	0.447132	0.435947	2.92632
360 600	0.201465	0.353021	1.7784	0.24025	0.24724	1.69971
360 640	0.0853334	0.247186	1.22685	0.0852017	0.208133	1.10691
360 680	0.0713978	0.103452	0.647379	0.0782732	0.11114	0.618241
360 720	0.0311349	0.0445411	0.453282	0.0187768	0.0432973	0.373931
360 760	0.0249375	0.00720536	0.0359552	0.00726315	0.00327101	0.0651823
400 0	0	0	0	0	0	0
400 40	0	0	0	0	0	0
400 80	68.0162	0	0	0	61.5658	0
400 120	173.32	97.7257	82.0028	140.744	45.0917	22.0544
400 160	173.457	71.5604	24.8306	187.748	74.7761	42.3586
400 200	143.593	79.3755	55.6275	146.002	59.3793	46.2621
400 240	84.1899	51.4429	60.9527	106.453	60.6348	63.3643
400 280	71.5243	58.2456	69.5035	59.0707	40.7952	53.6082
400 320	37.7356	39.2163	53.2387	32.4125	27.4642	46.4145
400 360	16.5299	21.0007	36.6167	16.8296	15.7892	29.9755
400 400	7.23211	10.9637	23.0314	6.23789	7.57025	19.0141
400 440	3.62207	3.51678	11.1354	2.5307	3.48084	9.08065
400 480	1.81546	2.05303	8.77118	1.19413	2.41472	7.87262
400 520	1.08788	1.18092	5.02003	0.542867	0.724695	4.21223
400 560	0.194693	0.200075	1.78069	0.188962	0.371335	1.27579
400 600	0.268576	0.329318	1.74129	0.273316	0.274951	1.58943
400 640	0.0843664	0.186559	1.06998	0.10367	0.146519	1.0288
400 680	0.118531	0.0792743	0.540368	0.0468927	0.0772065	0.555317
400 720	0.0379228	0.0457224	0.43765	0.0277127	0.0431169	0.357075
400 760	0.0149438	0.0157042	0.13428	0.00914016	0.0181576	0.140068
440 0	0	0	0	0	0	0
440 40	0	0	0	0	0	0
440 80	201.633	0	0	0	0	0
440 120	185.696	30.5889	22.8273	111.236	113.289	21.415
440 160	186.203	85.1917	46.1846	191.194	78.3953	31.8322
440 200	135.378	74.2739	44.3987	112.23	66.5236	34.0725
440 240	102.837	47.202	58.5547	81.5623	61.9732	42.9154
440 280	58.7753	60.1891	61.4025	61.2494	50.0606	53.0592
440 320	21.7953	11.6796	25.2078	18.8372	11.6026	22.4725
440 360	8.53427	9.17823	16.3329	6.50388	6.07276	14.2298
440 400	4.19571	4.376	10.9093	3.08048	3.72863	10.3351
440 440	1.9928	2.14163	7.01154	1.52214	2.3649	6.57311
440 480	0.740509	1.40108	4.03658	0.668834	1.2407	3.48736
440 520	0.314383	0.660639	2.17961	0.352652	0.505819	2.10446
440 560	0.1278	0.338468	1.46532	0.192027	0.327208	1.41895
440 600	0.0996035	0.174239	0.999468	0.0844006	0.0985748	0.83929
440 640	0.0462772	0.0490746	0.478734	0.0590861	0.0316348	0.426368
440 680	0.0337168	0.028346	0.30422	0.0238665	0.0615993	0.243071
440 720	0.0165228	0.013996	0.167569	0.0101319	0.0244823	0.156954
440 760	0.00457744	0.000980711	0.0556522	0.00605749	0.00196142	0.0474662
480 0	0	0	0	0	0	0
480 40	0	0	0	0	0	0
480 80	165.396	0	0	171.017	112.381	0
480 120	223.645	116.679	23.9044	193.631	55.9785	61.6561
480 160	199.498	70.6185	61.0966	189.641	83.1359	39.3451
480 200	144.417	84.1781	52.6744	94.1326	54.046	45.727
480 240	109.006	59.8638	62.8655	80.8108	50.1922	44.2843
480 280	63.0666	47.6577	51.7644	59.8726	37.152	54.0534
480 320	37.8981	32.9464	50.1673	33.1976	30.1002	40.3735
480 360	14.6868	19.9467	32.8787	15.5222	14.901	28.814
480 400	8.49594	8.30836	22.8208	8.10526	6.31229	19.2366
480 440	3.13143	4.05466	10.0477	2.35035	2.96993	8.44645
480 480	1.70746	2.68239	8.43837	1.21687	1.83354	8.02596
480 520	0.876947	0.914665	4.94507	0.863555	1.02945	4.17732
480 560	0.416215	0.56727	2.78309	0.309318	0.614124	2.51969
480 600	0.227948	0.287969	1.85784	0.176201	0.267362	1.33442
480 640	0.0766799	0.132518	0.948514	0.0786298	0.143718	0.818387
480 680	0.0473436	0.0466752	0.534146	0.0509254	0.102823	0.458583
480 720	0.00816575	0.0765346	0.30847	0.0197501	0.0203097	0.29238
480 760	0	0	0	0	0	0
520 0	0	0	0	0	0	0
520 40	0	0	0	0	0	0
520 80	51.3756	0	0	110.041	51.1707	0
520 120	145.632	151.491	83.5992	211.467	70.9886	89.1115
520 160	195.41	85.6501	56.7557	149.215	83.9803	52.3624
520 200	137.405	75.1867	43.098	118.311	45.616	32.2191
520 240	89.5045	58.1076	48.4608	76.3841	49.4811	34.7607
520 280	57.2396	48.3399	49.4222	46.1689	37.9183	42.5851
520 320	32.6627	30.0464	42.0442	29.7899	27.8549	39.7723
520 360	17.2241	18.3058	31.6574	13.9675	14.9883	30.1988
520 400	7.10983	8.73953	21.7877	5.88805	7.95011	18.6877
520 440	3.0873	4.87363	13.2163	3.04019	3.44101	11.2609
520 480	2.08486	1.96207	7.37949	1.31743	1.45821	6.6418
520 520	0.893885	0.632331	3.59056	0.725153	0.733667	2.50589
520 560	0.309359	0.449152	2.29985	0.217922	0.330221	1.70687
520 600	0.0854957	0.155804	0.802778	0.111218	0.124723	0.774689
520 640	0.108771	0.12433	0.903497	0.0420881	0.0821116	0.81263
520 680	0.0213255	0.0454321	0.210852	0.0216254	0.0203809	0.248147
520 720	0.0275988	0.0276173	0.257577	0.025721	0.0274058	0.16308
520 760	0.00180693	0.00357431	0.0500928	0.0059436	0.00934938	0.0508066
560 0	0	0	0	0	0	0
560 40	0	0	0	0	0	0
560 80	251.747	186.226	47.5793	38.9917	42.111	0
560 120	182.612	31.7568	55.8487	176.439	125.382	51.154
560 160	171.028	80.2888	34.9909	144.217	59.3164	40.8217
560 200	121.418	61.4539	42.2767	104.502	48.3074	52.2482
560 240	87.2409	53.885	36.0919	87.2122	35.1001	33.4912
560 280	63.3135	39.6019	38.9531	49.9019	31.3765	33.5213
560 320	35.6275	33.5809	44.174	26.789	25.2177	34.5706
560 360	18.8137	17.573	34.0529	11.4506	13.9023	26.6524
560 400	7.52073	9.30258	20.2334	6.26606	7.39879	17.9938
560 440	2.98551	3.93481	13.0233	2.94424	2.81989	11.0252
560 480	1.45028	1.90767	8.15266	1.28827	1.62102	6.43455
560 520	0.744969	0.851752	4.75415	0.588865	1.02244	3.71629
560 560	0.175043	0.274744	1.38351	0.145065	0.181482	1.3045
560 600	0.0397717	0.0919727	0.714268	0.0615857	0.0932692	0.679181
560 640	0.0828431	0.118425	0.886221	0.0717887	0.0749332	0.691883
560 680	0.0454426	0.0626568	0.486087	0.0362952	0.0642054	0.407919
560 720	0.0141215	0.0359728	0.259701	0.0350147	0.0168038	0.239505
560 760	0.00731621	0.0161436	0.109907	0.00324713	0.00786035	0.0810599
600 0	0	0	0	0	0	0
600 40	0	0	0	0	0	0
600 80	0	198.372	44.8426	41.8816	0	0
600 120	221.372	75.2122	8.37708	140.232	68.5343	47.5968
600 160	126.305	32.3558	24.9563	120.916	34.6067	25.7805
600 200	127.221	57.6944	52.624	98.4054	64.5466	46.0669
600 240	80.9416	49.2779	35.3711	58.9926	42.8627	28.61
600 280	50.6742	37.6541	32.2212	46.5687	32.9929	34.8623
600 320	28.1179	20.5703	23.742	23.1519	17.3214	24.3158
600 360	18.9243	17.9904	32.316	13.9883	13.8524	26.7601
600 400	6.48541	8.86028	19.2596	5.54961	7.36403	17.6145
600 440	3.45496	3.78653	11.9151	2.66245	3.17705	9.8665
600 480	1.62	1.72869	6.55475	1.01582	1.41813	6.39784
600 520	0.715146	0.6477	4.96624	0.671554	0.74078	3.62746
600 560	0.219469	0.130772	1.24995	0.0697601	0.207018	1.07448
600 600	0.102956	0.14369	1.08961	0.117895	0.146209	1.0013
600 640	0.0510057	0.107516	0.663773	0.0517812	0.0694089	0.469048
600 680	0.0378685	0.0455909	0.291021	0.0232412	0.0378967	0.296543
600 720	0.0111355	0.0138588	0.194136	0.0161452	0.0238227	0.144564
600 760	0.00795523	0.0136018	0.0837026	0.00253174	0.00631677	0.0707356
640 0	0	0	0	0	0	0
640 40	0	0	0	0	0	0
640 80	135.154	0	0	82.1486	0	0
640 120	16.6153	7.50121	35.6211	45.5453	17.8106	0
640 160	162.751	63.9597	30.9139	103.463	55.7588	38.3818
640 200	106.8	46.2241	34.8594	79.7416	47.059	20.8177
640 240	89.1068	36.9194	27.714	60.0571	37.4662	37.8413
640 280	45.9656	38.1871	27.8573	42.4522	32.1115	28.596
640 320	22.8324	14.6633	23.0543	17.3722	12.3917	20.0947
640 360	18.4302	14.3368	27.5928	12.8516	11.9215	27.7087
640 400	7.70742	8.52149	18.6369	6.2551	7.77906	16.8639
640 440	2.49435	2.94801	7.95635	2.19345	2.14591	7.14858
640 480	1.56134	2.02448	6.43258	1.48708	1.23332	5.9014
640 520	0.411749	0.489216	2.19783	0.234759	0.341637	1.44396
640 560	0.134109	0.188189	1.09491	0.128144	0.137259	0.924757
640 600	0.128765	0.0882728	0.743104	0.0247391	0.103719	0.52733
640 640	0.0329689	0.0448412	0.360729	0.0286475	0.0359029	0.283748
640 680	0.0203502	0.0396858	0.187299	0.0133207	0.0223365	0.227116
640 720	0.00405598	0.00912629	0.073409	0.00628576	0.0122483	0.0827095
640 760	0.00746306	0.0123607	0.0880326	0	0.00497293	0.0502551
680 0	0	0	0	0	0	0
680 40	0	0	0	0	0	0
680 80	137.866	43.4661	0	573.353	0	0
680 120	169.619	34.6966	26.6793	163.907	68.7735	0
680 160	139.207	48.9047	37.5661	136.25	28.2793	37.9042
680 200	96.9335	41.377	39.6703	92.2901	54.7848	36.3149
680 240	64.2375	37.9826	29.064	59.4037	37.3577	34.8856
680 280	36.4361	28.0378	20.5082	37.6572	27.3508	23.7009
680 320	23.4116	19.9533	23.4115	19.5207	17.8126	22.5874
680 360	15.9359	13.7862	24.331	11.7304	11.6902	18.3185
680 400	6.95235	9.12516	17.2062	5.93735	7.58415	15.9922
680 440	2.57333	2.9555	8.15657	1.28409	2.38293	7.65
680 480	1.41954	1.63512	6.55626	1.06845	1.23873	6.04127
680 520	0.862999	0.883237	4.09685	0.493417	0.506718	3.1096
680 560	0.250858	0.369558	1.70289	0.23406	0.160001	1.32027
680 600	0.229328	0.139388	1.25604	0.170796	0.177161	1.04688
680 640	0.0953099	0.0985976	0.823763	0.0616159	0.0960884	0.630614
680 680	0.0282986	0.0432211	0.249885	0.0257929	0.0297421	0.241729
680 720	0.0226466	0.0440461	0.177447	0.0176797	0.0147246	0.170566
680 760	0.00528385	0.00899301	0.0754882	0.0061645	0.00743325	0.0665523
720 0	0	0	0	0	0	0
720 40	0	0	0	0	0	0
720 80	0	85.4393	38.8516	38.8516	40.2865	0
720 120	119.148	78.3716	20.47	118.06	48.46	23.7051
720 160	139.616	37.1663	38.578	101.061	88.6242	46.3765
720 200	104.445	39.4385	35.2433	77.7738	31.3588	39.4889
720 240	72.8183	39.3292	31.7206	50.5931	34.2336	19.8837
720 280	39.1881	24.8161	26.6056	33.1295	22.1613	26.454
720 320	23.1312	15.9672	20.4448	17.6582	15.6502	17.8351
720 360	13.4126	12.2947	22.1679	10.9834	8.99859	19.6994
720 400	3.25357	4.15891	8.03611	3.20428	3.61849	6.56066
720 440	1.47322	1.51693	6.49684	1.70795	1.67716	4.51625
720 480	0.796025	1.11787	3.36783	0.552661	0.801156	2.87837
720 520	0.228757	0.393064	1.63468	0.198809	0.402197	1.63408
720 560	0.0358322	0.0496088	0.646563	0.00846774	0.0715932	0.533874
720 600	0.0120301	0.06638	0.260977	0.0245604	0.0347039	0.206398
720 640	0.0430069	0.0876287	0.676007	0.0567254	0.0687965	0.599711
720 680	0.0257047	0.0504512	0.361358	0.0167646	0.0331987	0.252544
720 720	0.0288448	0.0226083	0.226344	0.00984476	0.0222765	0.191811
720 760	0.00806918	0.0106812	0.0937131	0.00241592	0.0119825	0.058528
760 0	0	0	0	0	0	0
760 40	0	0	0	0	0	0
760 80	223.588	43.636	0	0	0	43.636
760 120	187.757	55.5232	38.0604	98.6163	82.0042	40.5045
760 160	106.779	55.9522	31.5403	95.1406	46.4978	30.9433
760 200	82.7134	43.1943	21.7903	68.9699	43.9449	28.9681
760 240	57.6788	36.6705	23.3557	56.9669	28.7821	23.2712
760 280	40.1571	25.6899	23.7937	29.3208	19.9389	21.2131
760 320	21.9842	16.0842	19.2859	16.413	11.8111	15.1816
760 360	11.6236	9.26219	17.374	9.40791	8.78288	15.2314
760 400	6.75482	6.41514	13.4047	5.23521	5.09334	10.8361
760 440	3.54564	4.44899	9.84653	2.48305	2.97854	8.10961
760 480	1.30463	2.03605	6.27077	1.04987	1.43249	5.27758
760 520	0.534579	0.640535	3.70358	0.542125	0.647227	2.80156
760 560	0.363805	0.342933	2.12106	0.259264	0.306553	1.82596
760 600	0.128054	0.176702	1.06428	0.130791	0.14653	0.895913
760 640	0.0822052	0.11031	0.651446	0.0586422	0.0892136	0.522209
760 680	0.0453009	0.0323824	0.34244	0.0250191	0.044862	0.262308
760 720	0.0152222	0.0334905	0.209941	0.0101018	0.0228605	0.178251
760 760	0.00289713	0.0114896	0.0663298	0.00870579	0.0109057	0.0653619
800 0	0	0	0	0	0	0
800 40	0	0	0	0	0	0
800 80	123.71	42.7475	37.1889	80.9627	0	39.2043
800 120	143.471	51.5064	34.048	151.555	53.7253	17.0783
800 160	164.135	68.486	33.6233	126.216	42.8045	18.8565
800 200	64.893	38.001	34.5222	62.6064	33.6843	21.6508
800 240	61.5161	25.0399	25.8362	40.2936	25.6362	24.6898
800 280	25.6726	25.4887	23.2385	20.3165	16.8929	19.8639
800 320	15.3296	14.0197	17.4226	15.7597	12.0992	13.8682
800 360	11.0816	8.53482	14.5694	8.46802	7.89586	10.9643
800 400	5.83706	5.90277	11.4399	5.1025	4.24984	9.90327
800 440	2.60482	3.02794	8.82386	2.56993	2.37784	7.84068
800 480	1.06691	1.12803	3.87631	1.07011	1.19472	3.47654
800 520	0.724819	0.671523	3.27078	0.39015	0.523797	2.90058
800 560	0.250638	0.328378	1.8183	0.171952	0.295636	1.67912
800 600	0.108655	0.199392	1.06157	0.102551	0.20056	0.987798
800 640	0.100587	0.0850094	0.548887	0.0522748	0.0694276	0.478736
800 680	0.029791	0.0476436	0.318681	0.0154411	0.053879	0.253253
800 720	0.012501	0.0112347	0.123892	0.00915029	0.0182229	0.125021
800 760	0.00061889	0.0063419	0.03213	0.00595737	0.00322415	0.0336603
840 0	0	0	0	0	0	0
840 40	0	0	0	0	0	0
840 80	39.6525	0	0	39.6525	0	0
840 120	115.999	28.8422	25.346	143.467	27.763	6.60289
840 160	64.5788	42.378	36.0503	38.6238	43.6945	15.4145
840 200	52.774	24.2683	11.837	40.6695	19.5643	20.2604
840 240	42.6524	25.6686	22.2749	34.9896	24.6195	24.1275
840 280	28.6681	23.3484	20.0256	25.0468	19.4005	14.1626
840 320	20.0901	13.1375	11.9272	13.657	11.0889	11.7962
840 360	9.55768	8.37898	11.9593	9.27768	7.018	10.3682
840 400	5.47709	5.44563	9.72156	4.8279	3.58377	8.96391
840 440	2.72141	3.20266	8.45212	2.07621	2.48761	5.81812
840 480	1.02574	1.65126	4.65487	1.12664	0.992803	4.42429
840 520	0.485556	0.527661	2.05889	0.402112	0.406	2.27045
840 560	0.0675805	0.174401	0.891388	0.114515	0.142403	0.774244
840 600	0.061123	0.105231	0.540076	0.0326545	0.0662996	0.457045
840 640	0.0168118	0.0113382	0.2314	0.00836907	0.0780814	0.296958
840 680	0.00741798	0.0247132	0.164401	0.0054526	0.0253231	0.150282
840 720	0.00912248	0.00885822	0.074925	0.0154809	0.0111127	0.0719284
840 760	0.00331538	0.00105835	0.0349629	0.000987791	0.0037701	0.0231154
880 0	0	0	0	0	0	0
880 40	0	0	0	0	0	0
880 80	73.3211	44.8222	0	459.897	44.8222	0
880 120	0	0	0	0	0	0
880 160	0	0	0	0	0	0
880 200	0	0	0	0	0	0
880 240	0	0	0	0	0	0
880 280	23.029	16.9289	15.8841	17.2556	12.4344	6.44286
880 320	13.6058	10.9773	14.9853	10.0512	9.44385	13.0514
880 360	5.37563	5.2872	7.71351	5.28361	4.26602	7.15786
880 400	4.56074	4.40763	7.45201	2.90208	3.49645	6.72281
880 440	2.68749	2.92337	7.31862	2.14638	1.97282	5.35446
880 480	0.954501	1.19105	3.28042	0.647681	0.85671	2.62434
880 520	0.0847763	0.0311933	0.994793	0.103894	0.218102	0.49859
880 560	0	0	0	0	0	0
880 600	0	0	0	0	0	0
880 640	0	0	0	0	0	0
880 680	0	0	0	0	0	0
880 720	0	0	0	0	0	0
880 760	0	0	0	0	0	0
920 0	0	0	0	0	0	0
920 40	0	0	0	0	0	0
920 80	0	0	0	42.6168	0	29.4777
920 120	0	0	0	0	0	0
920 160	0	0	0	0	0	0
920 200	0	0	0	0	0	0
920 240	0	0	0	0	0	0
920 280	0	0	0	0	0	0
920 320	17.4285	9.27349	11.4291	11.8651	9.95039	12.2999
920 360	5.57696	5.18631	6.49572	5.02033	2.95243	5.79927
920 400	3.19505	3.5117	6.99818	3.4056	3.33183	5.95487
920 440	2.40615	2.2041	5.48319	1.72917	2.03902	4.16994
920 480	0.762456	1.31418	2.81691	0.845792	0.905079	2.29244
920 520	0	0	0	0	0	0
920 560	0	0	0	0	0	0
920 600	0.0141599	0.0642872	0.34484	0.0772721	0.0748312	0.33518
920 640	0	0	0	0	0	0
920 680	0	0	0	0	0	0
920 720	0	0	0	0	0	0
920 760	0	0	0	0	0	0
960 0	0	0	0	0	0	0
960 40	0	0	0	0	0	0
960 80	0	0	0	0	0	0
960 120	0	0	0	0	0	0
960 160	0	0	0	0	0	0
960 200	0	0	0	0	0	0
960 240	0	0	0	0	0	0
960 280	6.00482	2.16005	6.57401	3.03094	3.08642	1.53264
960 320	9.45581	8.4566	8.43998	6.40512	7.12031	10.6655
960 360	6.52183	5.29925	8.54831	5.35395	4.61484	6.37191
960 400	1.88983	1.88997	3.12576	1.07281	1.24322	2.90893
960 440	1.20358	1.14238	3.05618	0.919674	0.851159	2.06117
960 480	0	0	0	0	0	0
960 520	0	0	0	0	0	0
960 560	0	0	0	0	0	0
960 600	0	0	0	0	0	0
960 640	0	0	0	0	0	0
960 680	0	0	0	0	0	0
960 720	0	0	0	0	0	0
960 760	0.00413049	0	0.0163378	0	0	0.0170637
1000 0	0	0	0	0	0	0
1000 40	0	0	0	0	0	0
1000 80	71.614	0	10.2456	78.7861	0	0
1000 120	91.1249	7.3752	24.8762	45.6676	7.3752	17.9601
1000 160	32.8352	12.1759	11.1293	37.948	10.3017	3.93577
1000 200	17.9305	7.77317	9.69237	26.4763	12.3661	6.01516
1000 240	13.1893	14.9939	12.9566	12.7174	4.40984	4.38172
1000 280	7.93053	4.16133	7.35943	8.078	5.65981	5.67665
1000 320	12.8207	8.51777	10.3301	10.2422	7.14756	7.21389
1000 360	5.66997	4.90675	8.81519	3.91732	5.37521	5.58966
1000 400	3.475	3.02583	4.9658	2.80841	2.92921	5.81215
1000 440	1.63732	1.7005	4.43442	1.24117	1.04318	3.96331
1000 480	0.604693	1.06587	2.893	0.973185	0.758942	2.98644
1000 520	0.482347	0.51021	2.0667	0.282103	0.394231	1.96136
1000 560	0.205171	0.268247	1.18882	0.140127	0.1767	1.20548
1000 600	0.129242	0.0990378	0.697642	0.138371	0.172776	0.657517
1000 640	0.0343912	0.036527	0.425794	0.0275436	0.0526764	0.415884
1000 680	0.0158343	0.0303859	0.272328	0.0197998	0.0454057	0.177888
1000 720	0.00521532	0.0185585	0.157385	0.00939629	0.015452	0.120104
1000 760	0.00367594	0.00746779	0.0444994	0.00514174	0.00718651	0.0340197
1040 0	0	0	0	0	0	0
1040 40	0	0	0	0	0	0
1040 80	82.7192	0	0	85.2403	119.331	0
1040 120	92.13	48.9246	44.0961	53.6818	29.7845	19.4901
1040 160	71.9729	43.1241	28.8289	54.2848	26.3662	20.6752
1040 200	48.2782	21.3605	18.4589	47.1061	23.6177	14.8183
1040 240	28.9329	16.272	10.5288	32.8486	12.0429	12.3016
1040 280	16.7972	10.1517	11.6186	15.8989	10.0853	11.9626
1040 320	10.2304	7.27514	9.02682	8.23699	6.01118	10.3846
1040 360	4.66995	3.59818	6.88951	4.01556	5.07269	4.7516
1040 400	2.23858	2.20944	3.67232	1.71052	1.65072	3.09944
1040 440	1.28539	1.0928	3.77565	1.18321	1.53802	2.29842
1040 480	0.745008	1.00521	2.81153	0.826364	0.703616	2.21715
1040 520	0.320721	0.478506	1.32768	0.208419	0.536585	1.18302
1040 560	0.211894	0.244946	1.17724	0.197859	0.243277	0.903131
1040 600	0.119693	0.112132	0.625145	0.0850819	0.138697	0.525489
1040 640	0.0353102	0.0463186	0.254334	0.0274737	0.0447837	0.278095
1040 680	0.0306645	0.0306341	0.217902	0.0133448	0.030937	0.214047
1040 720	0.0157442	0.0147778	0.111161	0.0128095	0.0139026	0.127373
1040 760	0.00292034	0.00408292	0.049054	0.00178521	0.00469924	0.0277286
1080 0	0	0	0	0	0	0
1080 40	0	0	0	0	0	0
1080 80	106.579	0	0	35.8347	129.107	35.8347
1080 120	35.4033	67.0435	29.4095	66.1282	14.0913	26.289
1080 160	82.3557	13.7928	26.6323	68.6083	26.7622	20.1331
1080 200	44.4812	17.2345	20.8886	30.1681	16.4538	20.0691
1080 240	26.5507	17.0869	12.2891	22.0028	22.15	10.4954
1080 280	17.731	12.1416	9.2455	14.7976	8.45376	6.67455
1080 320	8.03933	7.95329	8.06867	7.91909	7.20016	8.07602
1080 360	4.63586	2.93713	4.87236	4.86224	3.97389	5.77936
1080 400	2.71193	2.25726	3.78806	2.2604	1.88644	5.03115
1080 440	0.519565	0.746349	1.43073	0.419843	0.750752	1.3907
1080 480	0.419433	0.323715	1.30698	0.204133	0.186849	1.0052
1080 520	0.242816	0.203165	0.846382	0.143418	0.098696	0.792879
1080 560	0.0965882	0.119464	0.447878	0.0827951	0.0611969	0.373144
1080 600	0.0339495	0.0759108	0.274005	0.0442076	0.0486109	0.17119
1080 640	0.0194554	0.0374937	0.174782	0.0129454	0.0170271	0.137973
1080 680	0.0196313	0.0216442	0.166799	0.015213	0.0161037	0.173531
1080 720	0.0046168	0.0312334	0.123029	0.00989978	0.0204261	0.106828
1080 760	0.00242376	0.0113871	0.0485804	0	0.0053981	0.0285838
1120 0	0	0	0	0	0	0
1120 40	0	0	0	0	0	0
1120 80	70.9073	0	0	0	0	0
1120 120	76.1367	0	25.5486	57.8747	13.8511	0
1120 160	67.8074	21.2551	8.58143	52.9517	21.2954	19.8945
1120 200	40.4102	13.5197	20.7872	26.5838	21.6002	15.3265
1120 240	20.5471	9.29066	10.2498	22.6202	9.64118	7.67268
1120 280	6.51581	3.78038	5.15121	6.35449	4.04042	4.54187
1120 320	3.45888	2.29048	4.43129	1.96577	2.07998	2.8672
1120 360	2.41085	1.57102	2.67045	2.00934	1.6103	2.52454
1120 400	1.27546	1.08999	2.38218	0.446447	0.880172	1.77132
1120 440	0.456641	0.600459	1.46546	0.399761	0.463459	0.850068
1120 480	0.349642	0.305275	0.997206	0.133668	0.264715	0.530127
1120 520	0.128803	0.151857	0.604238	0.181606	0.0970764	0.637263
1120 560	0.0761492	0.216864	0.371997	0.0708233	0.0579237	0.504449
1120 600	0.0504325	0.0551495	0.310859	0.0326781	0.025976	0.213148
1120 640	0.0524212	0.0213686	0.188379	0.0221664	0.0283848	0.128099
1120 680	0.0104372	0.0101671	0.0867508	0.0133294	0.0044247	0.0734471
1120 720	0.00514185	0.00612991	0.0465826	0.00803583	0.00772915	0.0410235
1120 760	0	0.00209146	0.0286123	0.00146299	0.00252415	0.0163346
1160 0	0	0	0	0	0	0
1160 40	0	0	0	0	0	0
1160 80	34.7645	63.0705	0	192.381	0	122.153
1160 120	54.8921	26.685	6.96117	67.0036	42.1953	27.5426
1160 160	53.4838	36.9405	21.2587	35.4901	8.76231	9.28409
1160 200	38.5048	16.6764	19.9698	23.7838	20.468	17.9886
1160 240	29.4789	16.3181	14.6	17.6143	14.868	12.0775
1160 280	17.2288	9.65179	10.2318	8.5795	7.50357	9.96747
1160 320	7.60876	4.77376	6.19567	6.37601	4.60185	4.84306
1160 360	3.1739	3.76095	4.88168	3.736	3.85533	4.04479
1160 400	1.61433	2.27826	3.94623	1.53187	1.94377	3.47769
1160 440	1.18141	0.936723	2.56355	0.977837	0.869387	2.35715
1160 480	0.557801	0.832886	1.61059	0.310775	0.5209	1.15114
1160 520	0.370564	0.293588	1.47451	0.228059	0.396807	1.07165
1160 560	0.25215	0.212656	0.777903	0.190709	0.236253	0.775425
1160 600	0.0410248	0.130744	0.345983	0.0431481	0.0555369	0.31117
1160 640	0.0466437	0.0499968	0.255805	0.0467288	0.0563137	0.277608
1160 680	0.0369911	0.033515	0.182951	0.0192989	0.0142696	0.15923
1160 720	0.00920084	0.00961614	0.103068	0.00691457	0.0184949	0.1007
1160 760	0.00261518	0.00205393	0.0256029	0.00475233	0.00271916	0.0238204
1200 0	0	0	0	0	0	0
1200 40	0	0	0	0	0	0
1200 80	33.8189	32.3576	0	39.1685	0	0
1200 120	74.5066	3.51798	17.5245	75.1841	16.019	7.17897
1200 160	29.8498	32.7315	18.0254	38.4121	19.5474	12.3412
1200 200	40.3743	17.025	7.04511	33.4674	10.858	14.8499
1200 240	25.4912	11.3086	10.6203	15.365	9.86981	9.18056
1200 280	9.52483	7.62135	6.42035	8.9269	7.83083	5.60778
1200 320	2.94129	2.89967	2.5527	2.55854	1.75385	2.4726
1200 360	1.87823	1.16922	2.64535	1.73498	1.26911	2.16193
1200 400	1.33523	1.14516	1.69125	0.735475	1.30619	0.965638
1200 440	0.739638	0.350212	1.00976	0.320532	0.35884	0.972763
1200 480	0.317752	0.399405	0.840109	0.316544	0.387838	0.860788
1200 520	0.247152	0.29711	0.889681	0.317074	0.344534	0.846282
1200 560	0.146779	0.126702	0.620647	0.150616	0.138776	0.515573
1200 600	0.0577875	0.0483456	0.452907	0.0522492	0.0802291	0.337601
1200 640	0.0238755	0.052905	0.178314	0.0250218	0.045255	0.142569
1200 680	0.0209024	0.027968	0.160037	0.0219267	0.0276397	0.119036
1200 720	0.0116366	0.0167892	0.101896	0.0142387	0.0152951	0.0743196
1200 760	0.00244795	0.0108547	0.0217777	0.00245357	0.00404405	0.0258179
1240 0	0	0	0	0	0	0
1240 40	0	0	0	0	0	0
1240 80	63.3687	0	33.1953	0	29.6727	29.6727
1240 120	61.6285	18.8734	29.7309	50.5925	74.5168	13.9504
1240 160	40.1724	19.9142	4.1493	31.7133	10.2912	12.59
1240 200	24.5755	12.4986	14.8476	22.5605	14.3571	13.6286
1240 240	14.3901	12.9527	7.37721	15.6687	9.27877	4.96721
1240 280	8.97049	8.20387	7.96753	7.25103	3.90309	3.77942
1240 320	8.57914	4.4097	5.67388	5.12027	5.09914	5.23221
1240 360	2.42221	4.00417	3.9271	2.21678	2.53149	3.80872
1240 400	2.09875	1.32748	2.78704	1.5412	1.21189	2.73053
1240 440	0.915914	0.927592	1.776	0.814925	0.446839	1.55586
1240 480	0.540873	0.605482	1.40199	0.347896	0.44977	0.98445
1240 520	0.157829	0.360903	0.729792	0.111869	0.212436	0.667395
1240 560	0.195287	0.200533	0.679809	0.071644	0.091706	0.540934
1240 600	0.0679582	0.0632241	0.323066	0.0378006	0.0840567	0.297906
1240 640	0.0325813	0.060692	0.243506	0.02431	0.0312155	0.209246
1240 680	0.0148471	0.00987482	0.181108	0.022296	0.0434382	0.0996283
1240 720	0.00803552	0.0104224	0.102675	0.00958801	0.00630771	0.0921241
1240 760	0.000529461	0.00464833	0.0091423	0.00498004	0.0050602	0.0179807
1280 0	0	0	0	0	0	0
1280 40	0	0	0	0	0	0
1280 80	0	118.533	58.9004	33.2927	0	0
1280 120	27.8403	20.995	0	20.995	36.85	0
1280 160	24.6406	8.03438	7.30172	29.3131	4.99167	9.5279
1280 200	16.3654	4.11126	14.264	14.325	1.54444	5.13781
1280 240	12.2318	7.57594	6.39317	10.9403	6.93817	6.57624
1280 280	8.66912	4.30726	4.58283	5.71542	3.84598	3.14844
1280 320	3.54038	1.94265	2.23011	3.10686	2.52453	2.61926
1280 360	1.5753	1.8556	2.18441	2.31264	1.03062	1.52362
1280 400	0.826498	1.20149	1.45014	0.50323	0.589249	1.5139
1280 440	0.492597	0.348693	0.660334	0.427228	0.482949	0.793131
1280 480	0.171598	0.280392	0.663524	0.119914	0.164935	0.502628
1280 520	0.132322	0.0885469	0.290549	0.074761	0.0609675	0.396743
1280 560	0	0	0	0	0	0
1280 600	0	0	0	0	0	0
1280 640	0	0	0	0	0	0
1280 680	0	0	0	0	0	0
1280 720	0	0	0	0	0	0
1280 760	0.00430261	0.00458234	0.0180726	0.00163729	0.00164708	0.012015
1320 0	0	0	0	0	0	0
1320 40	0	0	0	0	0	0
1320 80	25.4746	0	0	32.6052	0	0
1320 120	39.1614	20.2899	6.62769	6.62769	0	6.62769
1320 160	24.9413	5.53771	3.46796	25.0409	9.38939	14.4536
1320 200	21.3134	5.05637	8.3377	7.37335	8.34836	3.01569
1320 240	18.7254	12.7624	10.372	20.7747	12.9066	8.14586
1320 280	11.4446	8.76741	8.89393	9.33482	5.45036	4.9934
1320 320	5.96318	3.52416	4.72608	7.90637	3.75685	3.89888
1320 360	2.46291	2.53809	3.41982	3.36532	1.92148	3.04414
1320 400	1.81712	1.54307	2.18401	1.10752	1.02907	1.72586
1320 440	0.450368	0.714169	1.73751	0.79224	0.713449	1.23694
1320 480	0.417127	0.369902	1.02916	0.244719	0.271429	0.793629
1320 520	0.1458	0.156883	0.697042	0.232876	0.325218	0.457709
1320 560	0.103505	0.117735	0.305224	0.0746717	0.0544628	0.300937
1320 600	0.0685809	0.046866	0.341488	0.0265583	0.0576433	0.175582
1320 640	0.00758077	0.0107216	0.0463515	0.0126191	0.00391416	0.0437937
1320 680	0.0134492	0.0177325	0.0824772	0.00580066	0.00853242	0.0310423
1320 720	0.00411962	0.0156033	0.0461733	0.00720324	0.00798345	0.0181191
1320 760	0.00205221	0.00197408	0.00885728	0.000994583	0.00247218	0.00818676
1360 0	0	0	0	0	0	0
1360 40	0	0	0	0	0	0
1360 80	0	0	0	32.6982	0	32.6982
1360 120	33.1722	0	6.7205	0	0	17.8454
1360 160	18.943	12.7628	15.046	12.433	11.0687	5.53938
1360 200	16.3991	2.58628	1.25849	10.3305	1.25849	5.84604
1360 240	13.3897	4.44388	4.5231	8.51969	3.55065	2.73131
1360 280	5.66669	2.74237	4.02064	4.07805	2.62954	3.63604
1360 320	1.71678	1.89336	2.842	3.63905	2.23427	2.05974
1360 360	3.0373	2.37892	2.88044	2.54602	1.96892	3.2371
1360 400	1.43023	1.0658	1.93708	1.06185	1.03214	1.35252
1360 440	0.784812	0.639475	1.80909	0.6202	0.945102	1.22048
1360 480	0.26315	0.27063	1.02852	0.194792	0.330452	0.846974
1360 520	0.142712	0.134836	0.597023	0.151277	0.151796	0.542719
1360 560	0.110828	0.0889817	0.435795	0.120695	0.108959	0.320956
1360 600	0.0524202	0.0699831	0.260643	0.0236381	0.0586192	0.201795
1360 640	0.056305	0.0603006	0.183405	0.0288485	0.039257	0.144718
1360 680	0.0107482	0.0323843	0.116326	0.0197819	0.024405	0.0800767
1360 720	0.014929	0.0103441	0.0486682	0.00896485	0.0136101	0.061546
1360 760	0.0051667	0.000499077	0.0135978	0.00317391	0.00190686	0.0160492
1400 0	0	0	0	0	0	0
1400 40	0	0	0	0	0	0
1400 80	142.772	0	32.4723	32.3358	0	0
1400 120	73.4731	32.3796	0	37.921	18.4028	14.0437
1400 160	26.7335	22.1326	19.3039	26.4972	22.7127	6.78962
1400 200	29.4161	14.4265	9.22393	24.6988	6.12099	4.35807
1400 240	16.0988	5.79282	9.64313	16.1238	6.13029	3.68605
1400 280	12.4876	6.36932	5.71541	4.61792	6.68277	5.08759
1400 320	6.05131	5.54836	3.63631	4.74177	4.10609	4.33148
1400 360	2.59296	2.21724	3.0637	1.69171	2.25147	2.58053
1400 400	0.677594	1.90373	1.79242	1.15069	0.977125	1.92394
1400 440	0.583721	0.490242	1.14527	0.450873	0.431765	1.15236
1400 480	0.348076	0.392973	0.868492	0.213258	0.337554	0.630287
1400 520	0.115992	0.0819399	0.295643	0.181604	0.122413	0.368914
1400 560	0.0614687	0.139932	0.308283	0.0918849	0.0556319	0.248702
1400 600	0.05407	0.0687446	0.151431	0.046657	0.058712	0.16498
1400 640	0.0292611	0.0207171	0.163646	0.0443729	0.0393838	0.147525
1400 680	0.00666071	0.00676417	0.0325589	0.00851968	0.0400176	0.0357425
1400 720	0.00896296	0.0113865	0.0690294	0.00704385	0.00567343	0.0444192
1400 760	0.00338926	0.00205646	0.0115383	0.00299206	0.00166479	0.0133366
1440 0	0	0	0	0	0	0
1440 40	0	0	0	0	0	0
1440 80	0	0	107.622	139.222	29.7584	0
1440 120	59.5099	6.64724	8.35182	66.5504	19.6067	0
1440 160	57.3346	8.45444	3.64704	37.9586	10.0339	15.1208
1440 200	27.2516	19.5996	8.79312	20.9713	16.8882	6.82328
1440 240	17.7943	8.46258	9.71714	12.0839	7.17705	4.41765
1440 280	7.21504	6.49067	7.71849	6.74643	4.96864	5.05699
1440 320	4.93799	3.1094	4.64202	4.23992	2.56734	3.40362
1440 360	2.70463	2.48001	2.2914	2.07787	1.82905	3.22854
1440 400	1.01348	1.11034	2.39739	1.22832	1.09106	1.9604
1440 440	0.559538	0.473471	1.17583	0.46619	0.355036	1.06202
1440 480	0.289997	0.410356	0.346564	0.121527	0.274632	0.518229
1440 520	0.059644	0.112117	0.424197	0.0840212	0.131875	0.478949
1440 560	0.125685	0.0738611	0.303897	0.0925042	0.0692035	0.224634
1440 600	0.0246286	0.0797608	0.16287	0.0433787	0.0377575	0.187424
1440 640	0.0315211	0.0154362	0.0972445	0.0281529	0.0317326	0.0604091
1440 680	0.0125245	0.00914676	0.0784713	0.00895117	0.0130617	0.0771582
1440 720	0.0133242	0.00976	0.05188	0.0100477	0.0146684	0.0459046
1440 760	0.00318526	0.0020094	0.0231548	0.00311987	0.0143676	0.0191914
1480 0	0	0	0	0	0	0
1480 40	0	0	0	0	0	0
1480 80	209.196	107.239	38.3678	139.426	0	0
1480 120	30.4224	46.4877	17.5102	84.0666	6.45609	4.89495
1480 160	42.3588	21.3374	20.6973	35.2218	15.0835	11.9748
1480 200	25.1201	9.53318	8.71184	25.3678	5.81956	3.99334
1480 240	14.4018	9.18437	5.92442	17.2167	6.48717	4.32418
1480 280	12.0599	4.82847	5.1904	10.8055	4.17352	6.98003
1480 320	4.79897	2.87642	5.18979	2.84175	4.53597	4.13448
1480 360	2.51441	2.10366	2.34815	1.18531	2.12865	2.51039
1480 400	0.863471	0.933006	1.62428	0.511033	0.572581	1.41901
1480 440	0.771012	0.571995	1.13152	0.399602	0.280492	0.978841
1480 480	0.148625	0.242291	0.603939	0.228352	0.128909	0.62833
1480 520	0.0736195	0.288388	0.259011	0.0909615	0.0668601	0.267546
1480 560	0.0567014	0.0829605	0.212098	0.0622797	0.0550496	0.161926
1480 600	0.047214	0.0233963	0.220316	0.0523634	0.0538699	0.135133
1480 640	0.0322554	0.0157118	0.119703	0.0205777	0.0380788	0.107147
1480 680	0.026621	0.0113959	0.0723971	0.00831359	0.0117545	0.0544028
1480 720	0.0146558	0.0135377	0.0425113	0.00426792	0.00649326	0.0350873
1480 760	0.00278664	0.00351885	0.0253747	0.00328023	0.00365293	0.0146316
1520 0	0	0	0	0	0	0
1520 40	0	0	0	0	0	0
1520 80	0	31.7106	0	211.31	105.655	0
1520 120	39.2528	6.41928	15.279	24.258	10.8123	0
1520 160	17.6872	5.6628	0	19.1089	11.5199	4.62975
1520 200	23.252	13.143	4.29426	27.0503	12.5941	9.47595
1520 240	21.0261	4.28657	5.57602	11.7658	6.69474	2.58408
1520 280	7.91022	6.43996	4.50733	10.2128	6.79594	5.80931
1520 320	4.03415	4.37208	3.66995	3.65512	2.75554	4.15088
1520 360	2.93277	1.26304	2.19339	2.38243	2.31414	1.30048
1520 400	1.02489	1.31798	1.39695	0.416787	0.976155	1.65556
1520 440	0.518566	0.547567	1.2857	0.212068	0.347807	0.962975
1520 480	0.284004	0.167989	0.636298	0.216459	0.188949	0.771505
1520 520	0.0756379	0.278093	0.162995	0.078278	0.143506	0.253794
1520 560	0.0367617	0.10059	0.261304	0.0300412	0.0552304	0.277126
1520 600	0.0390195	0.0457458	0.152291	0.0163745	0.0545545	0.103746
1520 640	0.0119321	0.0164027	0.0962751	0.0364745	0.060909	0.0746287
1520 680	0.00873788	0.0132152	0.0721026	0.0054132	0.00267671	0.0532814
1520 720	0.00259354	0.00908235	0.069354	0.00630815	0.00563686	0.0314494
1520 760	0.00101943	0.00366354	0.015864	0.00399013	0.00228338	0.0206532
1560 0	0	0	0	0	0	0
1560 40	0	0	0	0	0	0
1560 80	0	107.406	31.0467	0	31.0467	0
1560 120	32.0309	19.2487	12.2374	18.9812	6.32707	0
1560 160	7.65576	9.22578	10.4141	6.08573	2.02858	2.02858
1560 200	11.7828	7.64642	2.08539	9.56952	6.62261	6.68164
1560 240	7.96384	4.95293	2.93613	4.05608	1.62863	1.22232
1560 280	5.46101	1.9127	2.58265	3.47548	3.78975	2.57333
1560 320	2.61357	0.626502	2.02475	1.12669	0.952094	1.43999
1560 360	1.20983	1.23391	0.942359	0.290451	0.962227	0.946776
1560 400	0.632354	0.358548	0.882141	0.213834	0.419768	0.744239
1560 440	0.433925	0.43069	0.7116	0.135249	0.163981	0.523615
1560 480	0.232678	0.126915	0.403954	0.0498636	0.101233	0.302259
1560 520	0.00937486	0.0402914	0.124664	0.0575652	0.0237644	0.190646
1560 560	0.0346044	0.013543	0.0314505	0.019205	0.0250877	0.16321
1560 600	0.0179288	0.0260584	0.0878251	0.0183298	0.0170475	0.100974
1560 640	0.00426163	0.00989522	0.041643	0.0104856	0.00843437	0.0380826
1560 680	0.00458711	0.00612949	0.00907353	0.000893346	0.00112725	0.0081304
1560 720	0.00319532	0.00591928	0.0198999	0.00414467	0.00166583	0.0195782
1560 760	0.00323464	0.00255688	0.00442118	0	0.00198428	0.0123302
1600 0	0	0	0	0	0	0
1600 40	0	0	0	0	0	0
1600 80	128.99	34.8586	0	31.3772	0	0
1600 120	38.8922	0	6.29764	12.5953	0	6.29764
1600 160	24.5589	10.4649	5.76478	14.7135	0	1.99405
1600 200	20.4963	6.17306	0.77754	5.90217	4.35177	5.4002
1600 240	9.1991	3.50774	2.93093	5.50156	3.47118	1.85397
1600 280	4.23945	2.43861	2.50464	5.17776	2.86339	2.94716
1600 320	2.2477	1.64505	0.720839	1.85857	1.6095	1.1703
1600 360	0.469497	0.449412	0.797565	0.704245	0.879582	0.117374
1600 400	0.545976	0.235209	1.00001	0.528416	0.315857	0.591332
1600 440	0.446022	0.081262	0.320937	0.171126	0.0138791	0.383369
1600 480	0.0562865	0.101008	0.365379	0.0755008	0.0505041	0.196367
1600 520	0.157453	0.102711	0.247216	0.153482	0.0494743	0.282915
1600 560	0.0396838	0.0765673	0.171134	0.0202108	0.109462	0.145622
1600 600	0.0328527	0.061367	0.110639	0.0432862	0.062689	0.122545
1600 640	0.00859028	0.00155782	0.0192224	0.0121844	0.00292905	0.0614673
1600 680	0.00722792	0.00825509	0.0379611	0.00545928	0.0111813	0.0154123
1600 720	0.000743543	0.00631458	0.0246504	0.00576507	0.00592502	0.0170846
1600 760	0.000512701	0.00258386	0.0125554	0	0.000480157	0.0013889
1640 0	0	0	0	0	0	0
1640 40	0	0	0	0	0	0
1640 80	138.289	0	0	0	0	0
1640 120	33.7928	0	0	0	12.9749	0
1640 160	27.4114	4.06037	12.4716	8.12074	0	0
1640 200	31.4639	17.236	4.17532	20.0344	8.47803	7.38096
1640 240	12.5378	7.95155	4.90702	12.4139	11.59	3.54659
1640 280	8.01551	7.28457	3.98163	7.43832	5.6678	4.14505
1640 320	4.71492	3.1766	2.24972	4.37621	2.31709	2.03161
1640 360	2.74161	1.79547	2.36466	1.48454	1.75298	1.66588
1640 400	0.325159	1.34969	1.63102	0.982027	1.29707	1.31771
1640 440	0.643432	0.530904	0.818389	0.391866	0.347507	0.616484
1640 480	0.184589	0.286649	0.408791	0.245921	0.257158	0.329591
1640 520	0.149828	0.083496	0.317757	0.0841309	0.0995921	0.150433
1640 560	0.0447567	0.0780763	0.3244	0.0745906	0.0486546	0.137339
1640 600	0.0365739	0.0282393	0.111333	0.0402736	0.0695139	0.100645
1640 640	0.0152921	0.0212397	0.0593505	0.0226698	0.0208641	0.101611
1640 680	0.0139845	0.0141915	0.0431077	0.00422927	0.00711045	0.045199
1640 720	0.00400938	0.0111995	0.0455419	0.00740508	0.00243526	0.0244574
1640 760	0.00128948	0.00213937	0.0128026	0.00247966	0.0032154	0.00785663
1680 0	0	0	0	0	0	0
1680 40	0	0	0	0	0	0
1680 80	82.5102	46.1021	0	67.7058	0	0
1680 120	76.9762	5.05329	6.43663	49.8342	3.15446	6.11322
1680 160	52.2085	9.11121	13.4516	35.0313	4.48151	2.74529
1680 200	19.5161	14.916	3.82395	19.8204	9.22524	6.69171
1680 240	14.447	4.79097	8.21695	9.12653	8.15208	3.17165
1680 280	6.35059	3.85984	4.44334	8.03458	5.70401	4.28098
1680 320	1.29022	1.82411	1.32843	1.91936	2.04344	1.41743
1680 360	0.963851	0.98335	0.831816	0.816211	0.80638	0.892905
1680 400	0.75076	0.369066	0.663841	0.414363	0.35714	0.556566
1680 440	0.201724	0.219617	0.685527	0.209129	0.101679	0.417615
1680 480	0.124238	0.125561	0.310473	0.0985399	0.0875377	0.285858
1680 520	0.0169842	0.0585621	0.188323	0.0278894	0.0485858	0.144478
1680 560	0.0466591	0.0421477	0.121888	0.0676948	0.0237901	0.0730925
1680 600	0.0171887	0.0246114	0.0567674	0.0133506	0.011829	0.0529331
1680 640	0.00636116	0.0628313	0.0186105	0.00716422	0.00661011	0.0469792
1680 680	0.00440081	0.00495176	0.0365844	0.00253156	0.00461724	0.0115441
1680 720	0.00749533	0.00295099	0.0226524	0.00322862	0.00618656	0.0191394
1680 760	0.00102972	0	0.00738951	0.0139758	0.00102972	0.00213978
1720 0	0	0	0	0	0	0
1720 40	0	0	0	0	0	0
1720 80	0	0	0	31.1654	0	0
1720 120	6.30252	0	42.5465	18.9852	25.2877	5.81181
1720 160	9.45796	2.02679	4.05359	17.3779	0	0
1720 200	16.521	1.66364	3.78656	10.0656	4.68126	0
1720 240	18.1452	4.61702	3.09636	16.048	6.76082	3.57256
1720 280	7.0482	4.54863	4.03738	7.89565	4.01986	3.19508
1720 320	5.73889	2.01322	3.77275	3.13453	2.77889	2.00242
1720 360	2.39939	2.3418	1.61864	0.963442	1.23758	1.61058
1720 400	1.21005	0.800373	1.14899	0.518636	0.37381	1.35869
1720 440	0.562148	0.473989	0.84165	0.518662	0.186533	0.652382
1720 480	0.224801	0.0831256	0.648725	0.152786	0.0805041	0.585732
1720 520	0.152018	0.115201	0.135363	0.089588	0.0201544	0.199902
1720 560	0.056214	0.0637681	0.100115	0.0107928	0.0602718	0.205503
1720 600	0.0758847	0.021931	0.0562691	0.026924	0.0125493	0.105798
1720 640	0.0344941	0.0392412	0.0565594	0.00979993	0.0150897	0.0452688
1720 680	0.00885395	0.0230095	0.0246332	0.00798525	0.0208091	0.0450891
1720 720	0.00314996	0.00937327	0.0243783	0.00452419	0.00490958	0.0257744
1720 760	0.000885046	0.00254286	0.00731287	0.000516613	0.00301095	0.00854153
1760 0	0	0	0	0	0	0
1760 40	0	0	0	0	0	0
1760 80	30.738	0	0	76.4774	30.738	0
1760 120	41.6484	0	0	24.8242	6.71771	12.8426
1760 160	34.6019	6.81919	3.68739	25.6147	11.9638	11.0186
1760 200	22.513	10.8573	8.00752	22.2315	6.62586	4.38963
1760 240	18.1968	7.37584	4.97424	10.1377	5.7179	3.81336
1760 280	9.75513	3.18956	2.61507	5.98647	2.89567	3.20259
1760 320	3.76879	3.39145	2.33975	2.40822	1.84604	2.02176
1760 360	0.835903	0.759386	1.21962	1.23701	1.25007	0.43942
1760 400	0.228184	0.197659	0.88014	0.1528	0.26886	0.360388
1760 440	0.29601	0.213866	0.466078	0.0455416	0.239629	0.515674
1760 480	0.117456	0.11874	0.258893	0.0458209	0.136781	0.206226
1760 520	0.124376	0.0581787	0.179177	0.0160851	0.035127	0.216996
1760 560	0.0131438	0.0241726	0.0869618	0.0233225	0.0299431	0.053482
1760 600	0.013025	0.0331861	0.0358629	0.0149039	0.0230636	0.0378246
1760 640	0.0139022	0.0132969	0.0403717	0.0111404	0.0147207	0.0401007
1760 680	0.00614566	0.0074453	0.0130058	0.00429631	0.00951439	0.0121807
1760 720	0.0064644	0.00478194	0.0349932	0.00242245	0.00143977	0.00938277
1760 760	0.00183191	0.00314042	0.00183848	0.00183191	0.00130851	0.00523794
1800 0	0	0	0	0	0	0
1800 40	0	0	0	0	0	0
1800 80	0	0	0	31.1828	31.1828	30.7843
1800 120	18.8702	12.5694	20.0156	43.8647	25.1709	6.21253
1800 160	31.6083	8.69685	7.2581	31.1165	20.2238	1.97992
1800 200	26.9757	17.4153	3.97152	22.6897	9.28312	1.23863
1800 240	15.3821	7.75601	3.96955	11.6783	3.31057	4.14896
1800 280	8.16137	4.66627	4.16378	7.11378	4.7454	3.12382
1800 320	6.92472	2.66779	2.61894	3.04877	3.06174	2.94132
1800 360	1.8138	1.09285	1.9033	1.90713	1.3021	0.762986
1800 400	0.759527	1.32478	1.45622	0.47595	0.702275	0.763013
1800 440	0.682397	0.434636	0.965957	0.337611	0.542179	0.580933
1800 480	0.167185	0.110928	0.672356	0.264404	0.12008	0.371567
1800 520	0.106853	0.0724147	0.188125	0.0530996	0.0752551	0.3374
1800 560	0.0284278	0.0777913	0.140454	0.0331982	0.0646536	0.096223
1800 600	0.023606	0.0172049	0.0700588	0.0128701	0.013799	0.0862358
1800 640	0.00494716	0.0328434	0.074445	0.012812	0.0109602	0.0514539
1800 680	0.0121333	0.00594019	0.0250933	0.00184386	0.050535	0.0244076
1800 720	0.00790184	0.0234957	0.0158498	0.00695273	0.0088278	0.0343251
1800 760	0.00415878	0.00412694	0.0113089	0.00543408	0.00221034	0.00359895
1840 0	0	0	0	0	0	0
1840 40	0	0	0	0	0	0
1840 80	30.6234	0	0	61.2467	0	0
1840 120	43.7652	0	12.5999	0	12.5999	12.5999
1840 160	18.463	7.27252	12.5543	15.9406	12.5543	3.35452
1840 200	12.8678	2.89783	3.4424	9.06889	3.36322	0
1840 240	5.35833	3.47232	1.75516	7.09108	3.40146	0.929289
1840 280	3.29135	2.78037	2.13423	1.76499	2.7805	2.38699
1840 320	1.66268	1.01498	2.27095	1.95093	2.06316	2.13471
1840 360	0.954271	1.20463	1.44185	0.745115	0.840479	0.0705349
1840 400	0.497621	0.457212	0.946713	0.340623	0.327281	0.664177
1840 440	0.229504	0.327207	0.547697	0.309076	0.399345	0.68743
1840 480	0.175536	0.031312	0.193408	0.0790389	0.024769	0.240891
1840 520	0.0437984	0.0815069	0.0570068	0.0204418	0	0.0871107
1840 560	0.0370638	0.030486	0.015563	0.0280304	0.0255549	0.0230003
1840 600	0.0122719	0.0224129	0.0202819	0.015746	0.0208951	0.0315224
1840 640	0.0065197	0.0128978	0.00880864	0.0128332	0.0045113	0.0189744
1840 680	0.00728433	0.000672216	0.00747493	0.00430223	0.00880254	0.00720925
1840 720	0.00551281	0.00384589	0.0326551	0	0.00192295	0.00895627
1840 760	0.00106263	0.00161583	0.0041245	0	0.000531313	0.00490367
1880 0	0	0	0	0	0	0
1880 40	0	0	0	0	0	0
1880 80	139.196	0	30.1211	0	0	0
1880 120	12.4096	0	6.20479	12.4096	6.20479	12.3988
1880 160	11.5428	5.4205	3.37972	8.80022	8.71198	1.73123
1880 200	11.7214	6.47996	2.92866	7.81809	7.84966	0
1880 240	8.37937	2.58102	1.23785	5.8393	2.29027	3.83737
1880 280	3.52813	2.56177	1.78531	3.23859	1.04692	2.16638
1880 320	2.36791	1.27214	1.37196	1.40048	0.846217	1.3981
1880 360	1.49281	0.224976	0.900663	0.905763	0.522576	0.927062
1880 400	0.584264	0.116816	0.558389	0.698326	0.429817	0.531121
1880 440	0.136728	0.290014	0.234731	0.0792088	0.190393	0.435958
1880 480	0.202385	0.0911653	0.116552	0.0765009	0.060489	0.128342
1880 520	0.00573076	0.0310172	0.148479	0.0147848	0.014453	0.149581
1880 560	0.0105231	0.0135562	0.0909601	0.0140978	0.0282873	0.0387688
1880 600	0.0199693	0.0250693	0.0364195	0.0128435	0.0107735	0.0178668
1880 640	0.00166256	0.00302645	0.0238029	0.0013639	0.0281224	0.0204713
1880 680	0.00222377	0.00112449	0.013703	0	0.00112449	0.0142135
1880 720	0.00469932	0.00128129	0.00493935	0.0026923	0.00128129	0.00892113
1880 760	0.00312678	0.00144614	0.00983934	0.00141859	0.00636884	0.00496324
1920 0	0	0	0	0	0	0
1920 40	0	0	0	0	0	0
1920 80	0	0	0	0	0	0
1920 120	0	0	0	0	0	0
1920 160	0	0	0	0	0	0
1920 200	0	0	0	0	0	0
1920 240	0	0	0	0	0	0
1920 280	0	0	0	0	0	0
1920 320	0	0	0	0	0	0
1920 360	0	0	0	0	0	0
1920 400	0	0	0	0	0	0
1920 440	0	0	0	0	0	0
1920 480	0	0	0	0	0	0
1920 520	0	0	0	0	0	0
1920 560	0	0	0	0	0	0
1920 600	0	0	0	0	0	0
1920 640	0	0	0	0	0	0
1920 680	0	0	0	0	0	0
1920 720	0	0	0	0	0	0
1920 760	0	0	0	0	0	0
1960 0	0	0	0	0	0	0
1960 40	0	0	0	0	0	0
1960 80	0	0	0	0	0	0
1960 120	0	0	0	0	0	0
1960 160	0	0	0	0	0	0
1960 200	0	0	0	0	0	0
1960 240	0	0	0	0	0	0
1960 280	0	0	0	0	0	0
1960 320	0	0	0	0	0	0
1960 360	0	0	0	0	0	0
1960 400	0	0	0	0	0	0
1960 440	0	0	0	0	0	0
1960 480	0	0	0	0	0	0
1960 520	0	0	0	0	0	0
1960 560	0	0	0	0	0	0
1960 600	0	0	0	0	0	0
1960 640	0	0	0	0	0	0
1960 680	0	0	0	0	0	0
1960 720	0	0	0	0	0	0
1960 760	0	0	0	0	0	0
