0 0	0	0	0	0	0	0
0 40	0	0	0	0	0	0
0 80	0	0	0	0	0	0
0 120	374.9	88.5082	226.163	0	0	0
0 160	33.983	33.8217	0	8.93857	26.5231	49.9276
0 200	0	24.5307	0	27.1036	0	0
0 240	0	0	0	0	0	0
0 280	0	0	0	0	0	0
0 320	0	0	0	0	0	0
0 360	0	0	0	0	0	0
0 400	0	0	0	0	0	0
0 440	0	0	0	0	0	0
0 480	0	0	0	0	0	0
0 520	0	0	0	0	0	0
0 560	0	0	0	0	0	0
0 600	0	0	0	0	0	0
0 640	0	0	0	0	0	0
0 680	0	0	0	0	0	0
0 720	0	0	0	0	0	0
0 760	0	0	0	0	0	0
40 0	0	0	0	0	0	0
40 40	0	0	0	0	0	0
40 80	0	0	0	0	0	0
40 120	246.539	82.2693	192.706	46.9714	64.0272	61.9293
40 160	95.5277	24.8239	124.394	27.2967	71.9647	101.156
40 200	32.4517	47.0606	52.0357	39.6511	43.1571	33.6808
40 240	27.9369	25.3226	32.3805	18.4399	22.222	31.0222
40 280	19.6196	13.5763	29.9971	13.1571	21.0139	21.6174
40 320	8.47802	6.75075	15.0515	4.73215	5.96146	11.5991
40 360	0	0	0	0	0	0
40 400	0	0	0	0	0	0
40 440	0	0	0	0	0	0
40 480	0	0	0	0	0	0
40 520	0	0	0	0	0	0
40 560	0	0	0	0	0	0
40 600	0	0	0	0	0	0
40 640	0	0	0	0	0	0
40 680	0	0	0	0	0	0
40 720	0	0	0	0	0	0
40 760	0	0	0	0	0	0
80 0	0	0	0	0	0	0
80 40	0	0	0	0	0	0
80 80	0	0	0	0	0	0
80 120	304.522	0	203.674	159.531	0	83.4179
80 160	115.29	86.7599	67.8076	25.0479	10.5543	79.1542
80 200	60.2029	34.8061	56.3551	57.1726	27.1761	33.2877
80 240	23.2411	18.1379	23.9851	20.7819	17.6737	17.3514
80 280	10.5965	9.74829	12.8575	9.92042	5.41605	8.05857
80 320	6.23023	6.88161	10.4331	5.32111	6.22409	11.8597
80 360	6.18151	6.493	14.2604	3.39159	3.98071	10.8054
80 400	3.71961	2.87378	10.8294	2.37907	2.99031	8.78298
80 440	0.63963	1.82073	7.50528	1.71466	1.62329	6.4505
80 480	1.07277	1.24415	5.59946	0.578311	0.907021	4.9556
80 520	0.274117	0.49746	2.00533	0.348547	0.229816	1.7063
80 560	0	0	0	0	0	0
80 600	0	0	0	0	0	0
80 640	0	0	0	0	0	0
80 680	0	0	0	0	0	0
80 720	0	0	0	0	0	0
80 760	0	0	0	0	0	0
120 0	0	0	0	0	0	0
120 40	0	0	0	0	0	0
120 80	473.084	0	0	0	0	0
120 120	24.9771	38.0007	51.1617	192.046	118.584	53.342
120 160	106.376	45.1567	106.319	52.8525	30.7187	20.5319
120 200	38.4016	48.7096	32.6718	21.4756	12.7341	24.6586
120 240	39.7	24.3558	22.567	44.6267	27.612	33.0089
120 280	20.6266	23.0161	26.4237	27.6629	13.8448	32.0589
120 320	17.079	13.3175	20.2191	12.6759	13.1124	17.5415
120 360	6.41757	6.63819	15.3004	7.25292	6.65248	16.364
120 400	4.37837	5.07754	14.959	3.76428	3.69249	10.2555
120 440	2.7774	2.91907	13.7728	1.90739	2.82562	9.64059
120 480	1.59206	2.54093	10.2264	1.51185	1.81806	8.40204
120 520	0.502241	1.21394	5.45656	0.603124	0.843682	4.6629
120 560	0.558677	0.702353	4.13236	0.466424	0.84629	3.61914
120 600	0.26279	0.318298	2.56815	0.271245	0.328167	2.63495
120 640	0.0184149	0.0713395	0.494417	0.0139914	0.0584056	0.388122
120 680	0.0231997	0.0459142	0.54694	0.0132176	0.0546306	0.439151
120 720	0	0	0	0	0	0
120 760	0	0	0	0	0	0
160 0	0	0	0	0	0	0
160 40	0	0	0	0	0	0
160 80	0	0	0	0	0	0
160 120	78.9341	47.1379	97.6251	78.1989	47.1379	99.4344
160 160	71.6091	80.9069	49.5041	80.5735	77.2626	13.7179
160 200	40.187	21.708	42.3294	31.8078	28.2366	26.8479
160 240	39.8908	18.3944	16.4601	31.5382	23.8423	23.3828
160 280	8.24816	5.78441	12.7875	8.52021	7.43393	5.3034
160 320	6.75457	10.1842	12.7135	6.78994	10.5372	12.2938
160 360	4.61175	4.21212	10.4563	3.54043	3.76096	7.78516
160 400	1.34813	1.61941	3.18162	1.07829	1.74613	2.3321
160 440	0.94372	1.399	4.45551	0.953915	1.15677	4.46931
160 480	0.756353	0.879217	3.61342	0.396872	0.680899	2.9627
160 520	0.296725	0.477148	2.82804	0.219199	0.457794	1.9667
160 560	0.220624	0.242884	1.91105	0.207322	0.220546	1.60687
160 600	0.200745	0.272678	1.88481	0.243351	0.194652	1.8506
160 640	0.137833	0.209504	1.59066	0.0744682	0.134575	1.43408
160 680	0.0388094	0.0790057	1.04515	0.0525465	0.0742633	0.836566
160 720	0.0116671	0.0347417	0.553454	0.0289956	0.0312659	0.479129
160 760	0.0151772	0.0156049	0.168001	0.0153254	0.0144329	0.153679
200 0	0	0	0	0	0	0
200 40	0	0	0	0	0	0
200 80	0	0	0	0	0	0
200 120	0	59.5727	44.8459	0	20.7475	0
200 160	22.4569	24.199	0	9.98058	0	12.4763
200 200	24.1377	13.8772	19.3176	15.7592	9.0703	6.38031
200 240	10.357	14.0073	7.88379	14.2983	16.3077	9.77051
200 280	14.4807	7.00494	9.0453	12.2571	8.71109	5.63167
200 320	13.1626	10.5746	15.6058	8.81779	8.54714	12.3511
200 360	8.74411	5.96203	10.12	5.45794	6.3109	9.88396
200 400	4.31141	5.69022	13.0071	4.28109	5.44555	9.90027
200 440	2.3584	3.37377	10.9665	2.13888	3.1666	8.62649
200 480	1.55425	2.05605	8.12022	1.26697	1.54429	5.32922
200 520	0.866243	0.885188	4.3498	0.736912	0.540408	4.46199
200 560	0.19744	0.664271	3.45103	0.274368	0.345754	2.61784
200 600	0.227239	0.335294	2.53883	0.110786	0.25814	1.98098
200 640	0.110773	0.206772	1.56488	0.0661705	0.116447	1.36697
200 680	0.0453485	0.14034	0.922375	0.0469617	0.0533316	0.724253
200 720	0.0266916	0.0562649	0.555203	0.0357715	0.0471705	0.465585
200 760	0.00855543	0.0389033	0.17784	0.0101684	0.0118307	0.150513
240 0	0	0	0	0	0	0
240 40	0	0	0	0	0	0
240 80	0	0	0	0	0	0
240 120	53.8996	21.0483	27.3371	104.854	57.2301	39.6695
240 160	88.3428	46.0172	27.3742	71.9912	51.9497	20.8515
240 200	48.5676	27.8187	19.2742	19.015	41.621	20.5909
240 240	25.953	22.8913	19.4475	20.0788	21.7683	17.9708
240 280	27.9565	14.0442	16.6054	17.7155	14.2208	23.2221
240 320	11.7007	15.8971	15.8976	14.2966	8.96231	14.0772
240 360	8.77615	6.17899	13.5627	6.84435	6.35014	12.701
240 400	4.61373	5.42459	13.6747	3.54023	4.71786	10.2139
240 440	2.77132	3.32356	9.00033	2.41346	3.02014	7.40195
240 480	1.45634	1.71469	6.73731	1.22835	1.89295	5.5783
240 520	0.727201	0.852869	3.22178	0.533427	0.638669	3.53105
240 560	0.422045	0.572969	3.12619	0.282096	0.473433	2.5515
240 600	0.28656	0.340529	1.69288	0.115299	0.233127	1.5015
240 640	0.0594752	0.177911	0.979396	0.0879923	0.105955	0.865938
240 680	0.0562431	0.105542	0.776215	0.0675089	0.0646189	0.706042
240 720	0.0284801	0.0555773	0.510568	0.0354857	0.0231501	0.448702
240 760	0.0155977	0.0185787	0.151728	0.00316925	0.00959194	0.154577
280 0	0	0	0	0	0	0
280 40	0	0	0	0	0	0
280 80	0	0	0	109.981	0	0
280 120	45.6133	32.1422	48.4456	92.843	0	15.5268
280 160	83.8016	15.9897	56.1378	84.1738	0	0
280 200	56.0598	30.0957	31.672	34.6831	37.0919	29.6069
280 240	22.7881	14.0165	17.8394	29.511	25.8756	16.8479
280 280	15.703	20.849	20.4007	24.9081	13.4907	15.6754
280 320	17.9258	16.3168	18.5867	13.3704	10.6414	15.3927
280 360	9.37522	8.6639	14.1862	7.36716	7.32694	14.0598
280 400	4.52592	5.72599	11.1608	3.91528	4.07869	9.58459
280 440	2.79145	3.01852	8.32716	1.91758	2.45727	6.60996
280 480	1.28533	1.47066	6.43963	1.09538	1.2721	5.42024
280 520	0.563237	1.00696	4.49896	0.697924	0.777115	3.28122
280 560	0.332917	0.59532	3.0698	0.270311	0.487912	2.51758
280 600	0.233565	0.211106	1.8405	0.218189	0.240728	1.53362
280 640	0.0672975	0.161313	1.13703	0.141907	0.12262	1.04844
280 680	0.0419977	0.108413	0.599535	0.0401774	0.0511193	0.533974
280 720	0.022656	0.0531354	0.389465	0.0202681	0.0235618	0.343112
280 760	0.00175609	0.00245421	0.0828947	0.00248103	0.00621401	0.0555901
320 0	0	0	0	0	0	0
320 40	0	0	0	0	0	0
320 80	61.5497	46.8239	85.5938	85.5938	0	0
320 120	39.5948	43.4624	0	106.431	39.4473	7.22254
320 160	57.9111	63.2993	18.3791	43.0369	45.9014	17.6499
320 200	41.8801	33.9081	30.4632	42.7705	30.3783	25.6506
320 240	38.6506	23.9604	29.0131	25.4973	26.6884	24.3436
320 280	20.9687	25.0659	24.484	22.8818	14.4291	19.3998
320 320	17.1448	10.9862	17.527	12.0093	9.7415	16.2737
320 360	10.0976	9.47855	16.0909	7.06418	6.77498	12.2191
320 400	4.03883	4.56847	12.5026	3.59766	4.14381	11.8662
320 440	2.60542	2.42655	9.20103	1.9472	2.46325	7.01416
320 480	1.27795	1.79967	6.16736	0.846129	1.57117	5.07199
320 520	0.655775	0.927626	3.64052	0.357223	0.666156	3.35784
320 560	0.262596	0.480544	2.68255	0.315274	0.320748	2.20686
320 600	0.165557	0.31431	1.51396	0.171061	0.21152	1.21785
320 640	0.074836	0.259887	0.975645	0.132335	0.133838	0.864335
320 680	0.0430141	0.0839098	0.648971	0.0650298	0.052464	0.564137
320 720	0.0163311	0.0495085	0.316505	0.0156512	0.0406509	0.392735
320 760	0.00562185	0.0076153	0.114455	0.0074861	0.00221774	0.125173
360 0	0	0	0	0	0	0
360 40	0	0	0	0	0	0
360 80	0	74.8287	0	0	0	0
360 120	55.3365	0	36.5442	48.2185	0	0
360 160	34.3923	3.54586	18.5567	30.3783	14.4447	4.07611
360 200	17.637	7.7139	15.6265	14.0612	5.60709	13.7559
360 240	16.5782	10.302	14.5091	12.0281	11.6348	14.8983
360 280	16.8381	14.1344	15.5592	16.4525	15.2522	16.9584
360 320	14.5897	16.2702	18.7837	9.2965	10.7295	15.9477
360 360	9.56659	9.15679	15.3555	7.39424	8.58993	14.7821
360 400	3.44272	3.15783	7.42986	1.92651	3.27836	7.30605
360 440	2.56218	2.92356	8.35562	2.35949	2.64148	8.49839
360 480	1.30476	1.54181	5.73975	0.95899	1.09522	4.82815
360 520	0.576653	0.942128	4.09851	0.451309	0.726485	3.11415
360 560	0.309522	0.430081	2.41736	0.28676	0.406177	2.16394
360 600	0.130605	0.263902	1.34647	0.167991	0.160746	1.3078
360 640	0.0316339	0.169674	1.00794	0.0637601	0.174784	0.904802
360 680	0.0577902	0.0645457	0.542887	0.0509146	0.0776016	0.504531
360 720	0.0214375	0.0402081	0.385747	0.0175997	0.0330918	0.311183
360 760	0.009358	0.00319914	0.025421	0.00726315	0.00327101	0.0608015
400 0	0	0	0	0	0	0
400 40	0	0	0	0	0	0
400 80	0	0	0	0	61.5658	0
400 120	59.5684	39.7618	70.2599	51.3654	0	11.0272
400 160	59.2357	13.444	26.2726	58.7785	40.0451	7.17443
400 200	45.5237	18.7975	23.2135	47.9932	29.0786	26.022
400 240	30.2163	19.5115	23.5385	40.9698	28.905	24.6185
400 280	20.823	26.1604	26.3344	17.4683	16.9092	23.0307
400 320	15.8799	12.6603	22.2542	12.0239	11.1029	20.9523
400 360	8.386	12.4759	14.8541	7.97901	7.75203	14.6851
400 400	3.75917	5.72476	11.5958	3.51302	3.55071	8.76305
400 440	1.66488	2.69603	6.01905	1.69604	2.18852	5.59467
400 480	1.1459	1.18943	5.64691	0.794636	1.58425	5.13684
400 520	0.800886	0.743352	3.67156	0.371623	0.363808	3.26863
400 560	0.166571	0.123345	1.34906	0.110579	0.237376	0.974886
400 600	0.167216	0.143499	1.44169	0.170757	0.243519	1.16462
400 640	0.0864874	0.12853	0.83989	0.0859931	0.110991	0.79679
400 680	0.105513	0.0343979	0.485792	0.0204945	0.0556886	0.501558
400 720	0.0265221	0.0386628	0.35078	0.0209909	0.0280835	0.294866
400 760	0.0111156	0.0163447	0.103595	0.00548232	0.0196561	0.1074
440 0	0	0	0	0	0	0
440 40	0	0	0	0	0	0
440 80	60.9883	0	0	0	75.1947	0
440 120	61.1539	0	10.6341	21.9524	9.32072	11.499
440 160	46.7828	24.6411	5.90512	57.9011	29.8654	23.6349
440 200	50.2037	19.7836	18.4973	23.4007	23.5262	12.1189
440 240	35.6443	15.3996	19.8149	28.2677	10.8247	19.766
440 280	23.3644	20.1722	24.5714	21.4859	19.2728	20.2748
440 320	8.10427	6.94424	7.61415	7.79247	2.83162	8.0909
440 360	4.67775	3.6547	9.3628	3.17651	3.1805	6.5048
440 400	2.34285	2.97606	5.78733	1.59068	1.99149	5.01548
440 440	1.13543	1.25097	4.29346	1.11114	1.52031	4.03611
440 480	0.464136	0.964754	2.66965	0.524954	0.634122	2.22436
440 520	0.18084	0.389194	1.62732	0.306531	0.289287	1.5349
440 560	0.0462759	0.286617	1.10589	0.124714	0.174934	1.14408
440 600	0.0695432	0.128577	0.780682	0.0548165	0.0612733	0.693602
440 640	0.0267407	0.0324688	0.418009	0.0426389	0.0398788	0.332037
440 680	0.0309299	0.00855312	0.250084	0.0215415	0.0530319	0.198776
440 720	0.0134888	0.0072321	0.136259	0.00733642	0.0117059	0.130546
440 760	0.00228713	0.00715517	0.0344875	0.00409607	0.00318896	0.0372905
480 0	0	0	0	0	0	0
480 40	0	0	0	0	0	0
480 80	0	0	0	117.759	53.5017	0
480 120	131.324	19.9619	13.8446	47.6919	18.2924	30.6869
480 160	89.3641	19.9131	32.6238	99.0183	16.3636	25.6787
480 200	67.0136	25.7768	18.1705	27.4603	25.3364	15.6332
480 240	43.9867	23.9552	28.0893	31.7683	12.9583	17.5453
480 280	21.2842	17.2494	21.6178	20.5902	15.6901	25.1647
480 320	17.8359	13.3062	24.5992	15.6672	14.2486	14.7906
480 360	7.89073	9.87603	17.0633	8.67343	7.56513	13.4644
480 400	3.8215	5.95724	12.6191	3.99196	4.36151	10.0874
480 440	1.31445	2.16734	6.33778	1.37361	1.53028	4.94529
480 480	1.04106	1.59977	5.49539	0.879155	1.38866	5.04633
480 520	0.57189	0.714139	3.23199	0.559331	0.638252	3.24307
480 560	0.245999	0.382167	2.25375	0.201003	0.508984	1.87789
480 600	0.173412	0.215358	1.52216	0.150458	0.163807	0.981705
480 640	0.0570999	0.09192	0.797429	0.0893092	0.0838479	0.690099
480 680	0.0391621	0.0232034	0.454619	0.0401489	0.0542061	0.400463
480 720	0.0145424	0.0517315	0.259621	0.0108019	0.0113618	0.240567
480 760	0	0	0	0	0	0
520 0	0	0	0	0	0	0
520 40	0	0	0	0	0	0
520 80	0	0	0	0	0	0
520 120	57.5067	78.9823	55.5357	71.5313	17.6798	44.0033
520 160	81.2322	27.6495	24.7926	75.0705	43.5598	25.4997
520 200	41.872	39.6721	18.4082	43.1607	17.1551	12.3894
520 240	38.3482	19.9267	20.3504	35.5679	17.2054	18.6643
520 280	28.7623	20.6526	18.8638	20.3714	14.2854	18.0456
520 320	15.1692	14.0238	18.8123	12.4384	12.8927	16.9669
520 360	8.83972	8.14566	17.2935	7.13302	8.06817	14.8592
520 400	3.68128	4.30285	12.8649	3.99123	4.18064	9.84164
520 440	1.8302	3.38071	8.06605	1.80627	1.99286	7.21837
520 480	1.36496	0.941726	5.30091	1.00913	0.941874	4.56344
520 520	0.551203	0.455712	2.60152	0.360136	0.63986	1.70934
520 560	0.12503	0.387474	1.77067	0.135137	0.235879	1.12774
520 600	0.05458	0.118753	0.666919	0.0798599	0.0655655	0.519662
520 640	0.103269	0.105832	0.733355	0.0256556	0.0577583	0.677163
520 680	0.0101104	0.0245791	0.185774	0.0174326	0.0119031	0.180789
520 720	0.0167935	0.0216915	0.221222	0.019385	0.0116325	0.139436
520 760	0.00110283	0.00478465	0.0434989	0.00534027	0.00598193	0.0448468
560 0	0	0	0	0	0	0
560 40	0	0	0	0	0	0
560 80	86.8618	106.087	0	0	0	0
560 120	49.2742	0	20.0374	162.464	43.2284	33.2628
560 160	60.9571	34.466	22.38	53.9214	30.7517	18.1248
560 200	44.7308	20.0767	15.3808	39.8094	32.8573	21.8635
560 240	35.009	25.5768	11.0624	27.0829	15.0219	12.2978
560 280	28.0044	16.7795	18.6311	18.7616	15.2256	16.4237
560 320	16.5544	14.8824	18.8169	11.1731	11.1659	16.1896
560 360	10.3793	9.73137	19.7732	7.98276	7.28901	12.3317
560 400	3.78719	5.10722	10.2233	3.44899	4.28434	10.1447
560 440	2.27299	2.78451	7.83908	1.89882	1.97054	7.42176
560 480	0.807595	1.3296	5.67048	0.96254	1.19351	4.0133
560 520	0.595908	0.530582	3.53962	0.520138	0.828447	2.94945
560 560	0.119414	0.188679	1.06682	0.0676022	0.116461	0.981987
560 600	0.0306989	0.0629875	0.558626	0.050612	0.0592801	0.578273
560 640	0.0656332	0.0917629	0.733377	0.0673336	0.0412045	0.55454
560 680	0.0259616	0.0505089	0.420047	0.0375146	0.0467878	0.324075
560 720	0.00943467	0.0293316	0.184002	0.0243843	0.0079505	0.199254
560 760	0.00516864	0.0138408	0.0903783	0.000547665	0.0083697	0.0686907
600 0	0	0	0	0	0	0
600 40	0	0	0	0	0	0
600 80	0	44.8426	44.8426	0	0	0
600 120	112.126	41.9996	0	42.0332	24.8618	7.67804
600 160	16.9149	15.4593	9.36798	26.1036	12.7562	11.9076
600 200	46.6249	26.0835	26.5637	38.2772	24.6867	22.6722
600 240	34.602	21.9967	20.6943	26.3396	20.2667	15.0827
600 280	21.6042	18.4504	14.6375	20.0575	16.1209	13.9175
600 320	12.7615	10.3086	12.7251	11.3176	8.85287	12.2785
600 360	10.2603	10.2436	16.3708	7.3958	6.87151	14.1065
600 400	4.04398	5.09177	12.001	2.99196	4.72544	10.1593
600 440	2.10912	2.75392	7.72467	1.72825	2.0756	6.43675
600 480	1.10533	1.18402	4.70131	0.618111	1.00052	4.62848
600 520	0.479596	0.484084	3.76807	0.484346	0.54733	2.82055
600 560	0.149105	0.124563	0.808108	0.0673431	0.11287	0.777549
600 600	0.0613341	0.11391	0.828137	0.0856938	0.133691	0.826136
600 640	0.0443547	0.0976466	0.581635	0.0289687	0.080486	0.377362
600 680	0.0271836	0.0318061	0.248803	0.0165764	0.0314773	0.244794
600 720	0.0110583	0.00940356	0.169204	0.00603206	0.00873471	0.137121
600 760	0.00651173	0.00952409	0.0719078	0.00185197	0.00704966	0.0594332
640 0	0	0	0	0	0	0
640 40	0	0	0	0	0	0
640 80	0	0	0	0	0	0
640 120	0	0	15.0024	41.2374	7.50121	0
640 160	62.1614	26.4177	6.70285	47.7037	21.4955	4.13853
640 200	48.904	14.9495	18.8319	32.386	20.3372	14.0855
640 240	36.2541	15.609	13.8737	27.9618	13.5296	13.8025
640 280	23.7789	17.0836	12.2117	20.7765	13.3947	15.5848
640 320	11.609	8.01328	13.1196	9.97231	6.32908	11.5421
640 360	10.291	8.85116	14.0444	6.55501	7.02429	14.7151
640 400	4.57318	5.19489	11.1651	4.68241	4.88948	9.8565
640 440	1.52903	1.97566	5.35609	1.3068	1.53716	4.96483
640 480	1.06317	1.29362	4.42167	0.98877	1.09001	4.08372
640 520	0.2938	0.359785	1.63558	0.102126	0.276656	1.18525
640 560	0.0630567	0.192959	0.890345	0.110431	0.125152	0.690144
640 600	0.0594974	0.0639071	0.550951	0.00967859	0.0672637	0.431364
640 640	0.0292259	0.0325997	0.332375	0.0122438	0.0331171	0.239683
640 680	0.00439089	0.0223396	0.13528	0.0103423	0.0137435	0.179955
640 720	0.00309507	0.00546881	0.0572244	0.00424112	0.00516164	0.0762633
640 760	0.00113769	0.00811679	0.0715972	0	0.00326965	0.0416366
680 0	0	0	0	0	0	0
680 40	0	0	0	0	0	0
680 80	0	43.4661	0	529.887	0	0
680 120	48.7095	16.7472	26.6793	55.1905	22.0594	0
680 160	57.7671	20.181	13.599	47.6152	11.5462	8.63603
680 200	34.0461	16.7125	21.1545	32.0301	14.3428	12.0447
680 240	38.0216	19.6059	13.9055	27.7934	16.3207	14.8201
680 280	18.095	16.5814	11.8738	21.6459	14.9172	10.0231
680 320	12.3242	11.1306	13.5823	12.4372	11.498	12.4934
680 360	9.60316	7.82166	14.1896	7.23875	6.2806	9.43091
680 400	4.98259	5.82094	10.9801	3.69827	4.96758	9.45314
680 440	1.85272	1.99972	5.55919	1.12228	1.56268	5.54546
680 480	0.889903	1.21404	4.82716	0.668729	0.968179	4.52262
680 520	0.591491	0.561912	3.2589	0.288763	0.44543	2.30141
680 560	0.189165	0.250515	1.32924	0.202853	0.152188	1.08004
680 600	0.197953	0.121645	1.12328	0.1187	0.121123	0.823189
680 640	0.0729821	0.0935648	0.68303	0.0542579	0.0749098	0.499234
680 680	0.0180336	0.0262323	0.211664	0.0167686	0.0236708	0.210419
680 720	0.0210471	0.0400545	0.135539	0.0126817	0.0117246	0.138864
680 760	0.00233904	0.00405234	0.0680846	0.00355475	0.00940269	0.0479861
720 0	0	0	0	0	0	0
720 40	0	0	0	0	0	0
720 80	0	85.4393	0	0	0	0
720 120	35.7999	73.6631	7.29396	13.4617	16.0534	8.23212
720 160	56.8792	9.55462	16.0985	52.4618	19.7029	25.7484
720 200	40.0964	26.3993	16.2653	29.358	15.479	14.103
720 240	29.5008	18.8904	14.6672	24.2114	17.1757	10.8666
720 280	23.7204	15.2514	12.4526	15.7481	14.399	12.8636
720 320	14.8263	10.1214	11.4947	11.7716	10.24	9.96551
720 360	7.44051	8.61769	13.0874	7.82883	6.25213	11.405
720 400	1.9687	2.55864	5.78638	1.90022	2.56085	4.26034
720 440	1.28098	1.22806	4.57712	1.16796	1.1855	2.93678
720 480	0.601879	0.76879	2.50575	0.412247	0.541888	2.27592
720 520	0.169696	0.31178	1.33961	0.209267	0.248096	1.2267
720 560	0.0448988	0.0498275	0.52789	0.00851243	0.0678355	0.394333
720 600	0.0170704	0.0154255	0.198768	0.0160252	0.0373575	0.148862
720 640	0.0343283	0.0696502	0.584638	0.0405295	0.040344	0.468892
720 680	0.0188913	0.0376558	0.30304	0.010104	0.0243967	0.210658
720 720	0.0230513	0.0106029	0.202882	0.00335857	0.013064	0.159109
720 760	0.00312199	0.00855919	0.0769482	0.00141349	0.00973483	0.043304
760 0	0	0	0	0	0	0
760 40	4270.83	0	0	0	0	0
760 80	37.5318	0	0	0	0	43.636
760 120	64.3216	43.8	27.4941	43.8056	23.8916	19.4507
760 160	39.5043	22.7981	17.918	32.7067	18.098	21.6164
760 200	36.0042	15.1833	11.9755	42.9578	20.8002	10.7564
760 240	31.4211	15.8688	11.9712	27.6462	10.4819	10.4026
760 280	20.9439	15.8887	10.8532	16.1984	11.8496	12.1732
760 320	14.184	11.6763	11.9463	8.95526	8.80047	8.18787
760 360	7.54944	6.75279	10.9557	6.54148	5.27128	9.47299
760 400	4.99331	4.53634	9.37512	3.59639	3.22871	7.26154
760 440	2.90314	2.85264	7.51434	1.588	2.027	5.83648
760 480	0.947504	1.52587	4.64174	0.719525	0.97261	3.84149
760 520	0.364683	0.554234	2.92585	0.462391	0.397274	2.26102
760 560	0.294124	0.298141	1.65157	0.207145	0.253177	1.43312
760 600	0.105465	0.128118	0.890578	0.131138	0.0876692	0.756056
760 640	0.0514395	0.104651	0.527661	0.0398374	0.0679168	0.431958
760 680	0.0279327	0.0267636	0.283333	0.0166327	0.0425487	0.20508
760 720	0.0202162	0.0155039	0.180923	0.00568857	0.0131721	0.149298
760 760	0.00391455	0.00707669	0.061324	0.00507703	0.00967069	0.0522302
800 0	0	0	0	0	0	0
800 40	0	0	0	0	0	0
800 80	0	77.84	0	37.1889	0	39.2043
800 120	66.313	67.7409	18.0937	108.309	32.1884	0
800 160	51.1724	29.0961	17.776	62.926	12.1364	6.15028
800 200	31.6751	19.6809	18.3997	23.4074	11.4424	13.8867
800 240	30.2781	14.4535	14.6882	17.8211	12.139	13.9924
800 280	18.1114	11.4886	13.3133	9.83443	9.80571	10.0471
800 320	11.7745	7.779	12.4153	10.889	7.76274	9.58867
800 360	7.82934	6.16107	10.759	5.81651	5.86604	7.00528
800 400	4.4036	3.75014	8.49956	3.70679	3.05193	6.85974
800 440	1.81048	2.22963	6.48298	1.53772	1.98427	5.70323
800 480	0.711376	0.69501	3.0176	0.809324	0.978776	2.94401
800 520	0.487082	0.512773	2.56785	0.282217	0.540016	2.27619
800 560	0.20597	0.246255	1.50069	0.150195	0.237643	1.34372
800 600	0.0609107	0.144257	0.86841	0.108709	0.13032	0.770467
800 640	0.0828306	0.0685909	0.471182	0.0385986	0.0645737	0.420804
800 680	0.0269929	0.0352765	0.273261	0.00386805	0.0266014	0.200549
800 720	0.00743093	0.00453763	0.10765	0.00136116	0.014491	0.101929
800 760	0	0.0051681	0.0286814	0.0041007	0	0.0265193
840 0	0	0	0	0	0	0
840 40	0	0	0	0	0	0
840 80	0	0	0	0	0	0
840 120	18.3985	33.1773	8.30592	21.6291	0	0
840 160	33.4019	15.016	12.3985	15.9981	11.5586	2.13035
840 200	22.0304	7.44084	7.35152	28.7794	7.85564	12.9533
840 240	24.4085	14.2274	11.7011	16.0193	12.5136	16.3035
840 280	17.6628	11.9906	10.2146	14.4365	11.7233	7.52613
840 320	12.7706	8.01369	8.18305	8.71907	6.42403	8.17659
840 360	6.86358	5.42298	9.57928	6.34711	4.81934	7.76098
840 400	4.12986	3.71654	7.27095	3.31238	2.75171	6.44961
840 440	2.07219	2.37003	5.9582	1.35895	1.81195	4.27807
840 480	0.762283	1.1912	3.54468	0.686602	0.73651	3.2603
840 520	0.23936	0.402843	1.75984	0.280767	0.293254	1.8069
840 560	0.062746	0.13072	0.717197	0.0425739	0.105162	0.653055
840 600	0.0450726	0.0697713	0.439506	0.0151572	0.0585701	0.410681
840 640	0.0141129	0.00300863	0.17705	0	0.0642416	0.250175
840 680	0.00641758	0.018716	0.142304	0.00354535	0.00915661	0.132509
840 720	0.00438778	0.00444155	0.0594505	0.0111751	0.00901802	0.0611806
840 760	0.00232759	0.000543098	0.0311223	0.000493896	0.00115813	0.0175557
880 0	0	0	0	0	0	0
880 40	0	0	0	0	0	0
880 80	23.8629	0	0	254.678	0	0
880 120	0	0	0	0	0	0
880 160	0	0	0	0	0	0
880 200	0	0	0	0	0	0
880 240	0	0	0	0	0	0
880 280	12.3491	9.48992	12.4801	12.3249	8.3438	4.57063
880 320	9.08005	7.43824	8.87339	6.75851	6.74907	8.27391
880 360	3.75189	3.76169	5.67011	3.48611	3.7968	4.59711
880 400	3.15889	3.18873	5.70284	2.0805	2.89902	5.23362
880 440	1.86087	2.22671	5.42221	1.84248	1.47697	4.02671
880 480	0.773869	0.867083	2.60818	0.49449	0.556694	2.21327
880 520	0.024098	0.0311933	0.963783	0.103894	0.218102	0.49859
880 560	0	0	0	0	0	0
880 600	0	0	0	0	0	0
880 640	0	0	0	0	0	0
880 680	0	0	0	0	0	0
880 720	0	0	0	0	0	0
880 760	0	0	0	0	0	0
920 0	0	0	0	0	0	0
920 40	0	0	0	0	0	0
920 80	0	0	0	0	0	29.4777
920 120	0	0	0	0	0	0
920 160	0	0	0	0	0	0
920 200	0	0	0	0	0	0
920 240	0	0	0	0	0	0
920 280	0	0	0	0	0	0
920 320	11.3825	6.33762	7.88176	7.55539	5.86736	9.08201
920 360	3.62054	4.31822	5.07569	3.6322	2.01606	3.72645
920 400	2.64658	2.54525	5.31098	2.47306	2.09049	4.44284
920 440	1.82862	1.68235	4.13295	1.31277	1.40596	3.31113
920 480	0.618017	0.993945	2.2611	0.595282	0.678443	1.89664
920 520	0	0	0	0	0	0
920 560	0	0	0	0	0	0
920 600	0.00691276	0.0418029	0.32741	0.0831133	0.0557223	0.29445
920 640	0	0	0	0	0	0
920 680	0	0	0	0	0	0
920 720	0	0	0	0	0	0
920 760	0	0	0	0	0	0
960 0	0	0	0	0	0	0
960 40	0	0	0	0	0	0
960 80	0	0	0	0	0	0
960 120	0	0	0	0	0	0
960 160	0	0	0	0	0	0
960 200	0	0	0	0	0	0
960 240	0	0	0	0	0	0
960 280	5.03791	1.19314	4.6402	1.93035	3.08642	1.53264
960 320	6.95736	6.79271	5.02502	4.23183	6.0047	6.96385
960 360	4.55324	4.41022	7.01691	3.91674	3.8538	4.56439
960 400	1.33027	1.43058	2.53536	0.947398	0.813011	2.31504
960 440	0.719995	1.09118	2.25532	0.731889	0.868535	1.59971
960 480	0	0	0	0	0	0
960 520	0	0	0	0	0	0
960 560	0	0	0	0	0	0
960 600	0	0	0	0	0	0
960 640	0	0	0	0	0	0
960 680	0	0	0	0	0	0
960 720	0	0	0	0	0	0
960 760	0.00447468	0	0.0142159	0	0	0.0171234
1000 0	0	0	0	0	0	0
1000 40	0	0	0	0	0	0
1000 80	0	0	0	0	0	0
1000 120	28.4134	0	18.9908	32.4069	0	4.69941
1000 160	27.798	5.56628	3.70978	17.0832	8.33385	1.96788
1000 200	10.2708	0	6.42755	5.847	9.19641	3.31638
1000 240	12.0306	4.8652	8.29913	1.8197	1.60504	2.56168
1000 280	5.73313	3.19367	3.39129	5.46017	3.62802	3.33463
1000 320	8.43273	5.14335	5.99388	6.84088	4.88657	5.33871
1000 360	4.12303	4.15471	6.26507	2.96896	3.6686	4.5381
1000 400	2.51087	1.91176	4.12929	2.08731	1.90816	4.27442
1000 440	1.38617	1.52205	3.5138	1.0384	0.918108	3.10936
1000 480	0.701016	0.616006	2.35894	0.687549	0.69719	2.01147
1000 520	0.432648	0.423774	1.75797	0.168577	0.33849	1.62348
1000 560	0.127079	0.189638	1.03732	0.117864	0.136023	1.01209
1000 600	0.109216	0.0561582	0.605958	0.121386	0.139084	0.537409
1000 640	0.0235119	0.0323713	0.357324	0.0262191	0.0270456	0.357405
1000 680	0.0111059	0.0287453	0.236172	0.00945329	0.0347537	0.142701
1000 720	0.0019836	0.0154918	0.129255	0.0078164	0.0127377	0.101579
1000 760	0.00144113	0.00663749	0.0350656	0.00301649	0.00589223	0.0273746
1040 0	0	0	0	0	0	0
1040 40	0	0	0	0	0	0
1040 80	66.256	0	0	34.5255	16.4631	0
1040 120	38.9761	37.4679	27.5362	34.3351	3.19203	7.42843
1040 160	33.3328	12.8051	9.57447	26.1007	9.30958	5.50905
1040 200	18.5111	15.3187	10.6345	23.6092	14.6293	8.23769
1040 240	12.1856	8.91056	6.10313	17.2249	8.34642	7.07009
1040 280	9.69703	6.69361	7.4061	11.4064	5.03775	7.19373
1040 320	7.28498	5.04575	5.3879	5.97918	4.99395	7.78761
1040 360	4.27714	2.44257	4.799	3.14218	3.53001	3.84387
1040 400	1.68046	1.7303	2.77865	1.30923	1.37695	2.65747
1040 440	1.0309	1.0161	3.24828	1.08883	0.964314	2.07198
1040 480	0.614037	0.90781	2.28786	0.718507	0.486123	1.91184
1040 520	0.213263	0.411201	1.11643	0.180911	0.412111	1.06015
1040 560	0.174061	0.200297	1.00716	0.142889	0.17745	0.784718
1040 600	0.0809458	0.0709824	0.515071	0.0709746	0.0920903	0.466651
1040 640	0.0211173	0.0371301	0.219246	0.0210293	0.0256502	0.25708
1040 680	0.0105953	0.0260016	0.175665	0.00740812	0.0286779	0.174083
1040 720	0.00659145	0.0150596	0.0999833	0.0118977	0.0091915	0.109353
1040 760	0.00170521	0.00138655	0.0408472	0.00105579	0.00251154	0.022358
1080 0	0	0	0	0	0	0
1080 40	0	0	0	0	0	0
1080 80	0	0	0	0	0	0
1080 120	28.5569	14.2232	13.4887	29.4416	13.9893	12.6983
1080 160	34.723	0	14.2313	17.4697	11.4035	4.4933
1080 200	23.3211	14.2837	10.4123	9.00283	11.0461	9.37803
1080 240	14.7196	7.49094	5.97609	11.8812	10.1509	7.38358
1080 280	7.95773	7.70703	7.24311	7.63838	5.58067	3.84175
1080 320	6.10191	4.99264	6.14974	4.75538	5.26531	5.47115
1080 360	3.01161	1.54961	3.33148	4.76256	1.94794	5.11561
1080 400	2.51868	1.33287	2.8835	1.83308	1.83409	3.98381
1080 440	0.386016	0.46535	1.17959	0.410534	0.472896	1.18957
1080 480	0.500498	0.206927	0.945162	0.0396179	0.212534	0.818545
1080 520	0.157918	0.168442	0.774103	0.128896	0.104044	0.604661
1080 560	0.103271	0.0769338	0.417955	0.067593	0.0511025	0.317204
1080 600	0.0368704	0.0352835	0.257105	0.0310923	0.0408519	0.154223
1080 640	0.0164867	0.0319421	0.1439	0.00129017	0.0147963	0.117813
1080 680	0.0189162	0.0131008	0.146953	0.00738438	0.00717929	0.16599
1080 720	0.00313465	0.0204044	0.101058	0.00340689	0.0151956	0.0921314
1080 760	0.00268354	0.00297812	0.0475019	0	0.00297434	0.0216541
1120 0	0	0	0	0	0	0
1120 40	0	0	0	0	0	0
1120 80	35.4537	0	0	0	0	0
1120 120	11.6975	0	13.8511	28.9373	13.8511	0
1120 160	18.0503	8.15448	0	41.3101	5.33212	11.2152
1120 200	20.4693	8.70204	9.8631	19.1091	8.41155	10.167
1120 240	10.2173	6.90357	6.2768	12.1919	3.43806	5.27462
1120 280	3.82127	2.81201	1.8874	4.14144	2.43989	3.50651
1120 320	3.70485	1.49855	3.04411	0.461649	1.52085	1.15232
1120 360	1.41255	1.4779	1.88731	0.930636	1.10437	1.50568
1120 400	1.21401	0.774262	1.87283	0.445499	0.877841	1.11079
1120 440	0.464786	0.411162	1.31649	0.487128	0.423945	0.647979
1120 480	0.239255	0.351769	0.868904	0.162929	0.178988	0.49844
1120 520	0.096302	0.0937502	0.536615	0.0741779	0.108707	0.491979
1120 560	0.0791115	0.177978	0.315752	0.0493911	0.0255449	0.401342
1120 600	0.0373338	0.0796328	0.258471	0.0264396	0.0297429	0.170018
1120 640	0.0496744	0.0289442	0.154936	0.0102522	0.0292995	0.0949799
1120 680	0.0107182	0.00316346	0.0763156	0.00530562	0.00356462	0.0638414
1120 720	0.00144066	0.00596635	0.0370333	0.00414676	0.00467039	0.0332591
1120 760	0.000487662	0.000542634	0.0255352	0	0.00154883	0.00954613
1160 0	0	0	0	0	0	0
1160 40	0	0	0	0	0	0
1160 80	0	34.9965	0	34.9965	157.385	122.153
1160 120	6.61705	26.685	6.96117	23.7784	13.5782	6.61705
1160 160	17.3824	24.583	12.8624	13.6923	5.46585	3.81825
1160 200	20.7049	10.9112	12.4944	9.72814	14.173	5.97233
1160 240	12.0825	9.19347	3.8888	9.45072	7.83244	9.06801
1160 280	9.70367	8.34086	6.8633	5.53303	4.36278	6.79984
1160 320	4.22622	3.66287	3.25233	4.26387	3.21015	4.10991
1160 360	2.85647	2.35998	4.16894	2.5717	2.55196	3.4914
1160 400	1.45142	1.54203	3.14123	1.29544	1.5363	2.57276
1160 440	1.16668	0.843898	2.25971	0.82282	0.585599	2.02379
1160 480	0.609644	0.611968	1.45335	0.38432	0.291554	1.0665
1160 520	0.2854	0.242501	1.28498	0.11467	0.275805	1.04027
1160 560	0.218624	0.16339	0.602524	0.150577	0.197458	0.607806
1160 600	0.0431594	0.0999319	0.281548	0.040786	0.0552483	0.265867
1160 640	0.0195517	0.0233111	0.2317	0.0374111	0.0463773	0.236805
1160 680	0.0201185	0.0162403	0.185302	0.0142111	0.00928008	0.140981
1160 720	0.00495229	0.00182639	0.0802056	0.00399492	0.0156074	0.0899112
1160 760	0.00170536	0.000523524	0.0206467	0.00388075	0.000523524	0.0215271
1200 0	0	0	0	0	0	0
1200 40	0	0	0	0	0	0
1200 80	16.9095	0	0	22.259	0	0
1200 120	26.898	17.1184	14.0065	24.1936	14.2149	0
1200 160	18.5821	18.4233	10.7042	21.3673	16.2474	5.15716
1200 200	17.102	12.879	5.1581	11.9206	7.84614	9.11417
1200 240	13.2326	5.76157	5.55565	6.43687	5.44806	5.43621
1200 280	5.46975	4.53648	4.46141	4.90528	4.59482	3.21042
1200 320	1.81347	2.04868	2.68093	1.99269	1.45544	1.93606
1200 360	1.53997	0.751403	2.03338	1.02116	0.972388	1.49041
1200 400	0.752619	0.826023	1.42367	0.460186	0.925145	0.916103
1200 440	0.593423	0.376598	0.8004	0.267925	0.27751	0.807607
1200 480	0.221833	0.33196	0.820191	0.267244	0.296371	0.715338
1200 520	0.290976	0.215121	0.765769	0.376106	0.229999	0.73752
1200 560	0.128302	0.0998036	0.511137	0.11051	0.100071	0.449919
1200 600	0.0276898	0.0299996	0.367048	0.028956	0.0786919	0.25609
1200 640	0.0104329	0.0245156	0.166004	0.0239519	0.00937645	0.162325
1200 680	0.0101641	0.0174201	0.13565	0.0118302	0.0334804	0.106606
1200 720	0.004581	0.00986764	0.0900374	0.0075097	0.00862889	0.0620149
1200 760	0.00210671	0.00826609	0.0163147	0.00185313	0.000530439	0.0188875
1240 0	0	0	0	0	0	0
1240 40	0	0	0	0	0	0
1240 80	0	0	0	0	29.6727	0
1240 120	26.3439	13.232	15.7806	6.09588	53.6464	5.64135
1240 160	29.3475	9.64696	2.07465	15.7536	8.75755	0
1240 200	10.7085	8.12456	7.48056	10.7526	11.8918	2.84236
1240 240	8.13055	8.11715	4.58462	7.41945	7.18103	4.5379
1240 280	3.54182	3.67695	5.05979	3.64294	2.68579	3.50624
1240 320	3.95221	1.51767	3.92874	3.45004	2.97749	3.8505
1240 360	1.83273	2.55233	2.59645	1.80662	1.11903	3.35757
1240 400	1.42193	1.2732	2.16745	1.317	0.664808	2.23373
1240 440	0.73298	0.993314	1.32676	0.718839	0.397069	1.30876
1240 480	0.485416	0.603759	1.17971	0.219987	0.383344	0.87789
1240 520	0.0967943	0.212254	0.723693	0.0746635	0.201882	0.558849
1240 560	0.161587	0.14979	0.56743	0.0569529	0.0892814	0.479923
1240 600	0.0487684	0.037713	0.2795	0.0229643	0.0733914	0.270305
1240 640	0.0351488	0.0432632	0.210957	0.0112704	0.0167078	0.174577
1240 680	0.00529327	0.0154508	0.153012	0.00903351	0.0321752	0.0798049
1240 720	0.00522654	0.00178912	0.0854557	0.00606441	0.00324919	0.0836841
1240 760	0.000529461	0.000652597	0.0070565	0.00399951	0.00114286	0.0127964
1280 0	0	0	0	0	0	0
1280 40	0	0	0	0	0	0
1280 80	0	0	58.9004	0	33.2927	0
1280 120	27.8403	0	0	6.84531	0	0
1280 160	20.9209	1.791	5.51071	9.44404	1.791	5.51071
1280 200	4.43157	3.07062	4.56656	5.26557	2.93641	4.23139
1280 240	7.38771	1.4217	4.38043	6.58036	3.16131	5.174
1280 280	6.08693	1.85468	2.28196	1.66791	3.22299	1.5035
1280 320	2.98687	1.37421	1.28655	1.59701	2.66552	2.01938
1280 360	1.33449	1.23058	1.45393	1.5129	0.859086	1.57418
1280 400	0.68835	0.84331	1.21003	0.450628	0.41496	1.22837
1280 440	0.469996	0.191918	0.518594	0.354539	0.284799	0.766678
1280 480	0.136189	0.223997	0.645075	0.0751801	0.0727423	0.42076
1280 520	0.118681	0.0798575	0.247021	0.0460812	0.0268648	0.337046
1280 560	0	0	0	0	0	0
1280 600	0	0	0	0	0	0
1280 640	0	0	0	0	0	0
1280 680	0	0	0	0	0	0
1280 720	0	0	0	0	0	0
1280 760	0.00347907	0.00459657	0.0147597	0.000813748	0.000823542	0.00953016
1320 0	0	0	0	0	0	0
1320 40	0	0	0	0	0	0
1320 80	25.4746	0	0	0	0	0
1320 120	18.6736	13.2554	0	12.3094	0	0
1320 160	3.94635	3.94635	3.46796	12.3265	5.68033	9.63574
1320 200	5.15865	7.15681	3.22157	3.01569	5.81484	1.61398
1320 240	7.71463	5.69861	8.20891	10.5363	10.6104	6.29069
1320 280	4.19452	3.63578	5.54939	4.44404	2.73137	2.8947
1320 320	4.46887	2.90915	3.63008	4.50618	2.52486	2.53784
1320 360	2.06759	1.94907	2.74522	2.24497	1.39928	2.33699
1320 400	1.26588	1.27066	1.97202	0.885049	0.854289	1.38899
1320 440	0.457492	0.457299	1.39369	0.511948	0.637137	1.04717
1320 480	0.338169	0.263007	0.944186	0.173129	0.22365	0.703739
1320 520	0.134693	0.146231	0.632533	0.189084	0.223706	0.40034
1320 560	0.0923082	0.100239	0.284913	0.0364806	0.0551533	0.263169
1320 600	0.0577799	0.063603	0.27129	0.0180145	0.0421023	0.156953
1320 640	0.00562369	0.00412913	0.0396666	0.00728807	0.00195708	0.0357717
1320 680	0.00939023	0.0151157	0.0658527	0.00379113	0.00768445	0.0228719
1320 720	0.00339825	0.00579104	0.0362578	0.00779961	0.00594435	0.0145908
1320 760	0.000575418	0.00153983	0.00570059	0.000513181	0.001959	0.00562217
1360 0	0	0	0	0	0	0
1360 40	0	0	0	0	0	0
1360 80	0	0	0	0	0	32.6982
1360 120	33.1722	0	0	0	0	6.22854
1360 160	9.63634	0	16.0251	3.12642	2.21528	0
1360 200	5.17256	2.58628	1.25849	10.3305	5.84604	1.25849
1360 240	4.42389	2.79684	3.03255	3.4171	0.997009	1.85919
1360 280	1.66754	2.59704	2.23292	1.75804	2.25653	2.90793
1360 320	0.982564	1.858	2.04258	2.14968	1.4085	1.31258
1360 360	1.89232	1.97724	1.72201	1.77913	1.01523	2.50964
1360 400	1.12079	0.96749	1.31977	0.853271	0.537077	0.874916
1360 440	0.803617	0.344345	1.42572	0.440832	0.778093	1.06686
1360 480	0.252154	0.123213	0.813593	0.128173	0.328992	0.741269
1360 520	0.103296	0.139995	0.494432	0.0915057	0.121426	0.43919
1360 560	0.0985185	0.0710953	0.382535	0.0679337	0.0872962	0.265005
1360 600	0.0431825	0.0413878	0.242292	0.00942032	0.0590729	0.198976
1360 640	0.0358061	0.072114	0.157567	0.0149705	0.0265518	0.129164
1360 680	0.00574546	0.0258013	0.0879748	0.0112352	0.0192917	0.0695524
1360 720	0.00901034	0.0021411	0.0373191	0.00477882	0.00581673	0.0441622
1360 760	0.00416921	0	0.00908226	0.000997823	0.000505739	0.0121394
1400 0	0	0	0	0	0	0
1400 40	0	0	0	0	0	0
1400 80	26.0097	0	0	0	0	0
1400 120	13.2377	13.2377	0	23.194	13.0106	14.0437
1400 160	14.9458	9.01361	14.226	18.588	15.0837	6.78962
1400 200	18.0579	7.86703	7.78821	8.80073	5.7919	4.05143
1400 240	6.60641	5.13457	7.65859	6.19778	3.62629	3.93416
1400 280	5.17895	4.03868	3.58924	4.06962	2.77848	3.55189
1400 320	4.05762	2.00929	3.02899	3.91986	2.28995	2.58543
1400 360	1.88573	1.52837	2.18408	1.48903	1.61219	1.67424
1400 400	0.504562	1.3732	1.5727	0.654637	0.757019	1.55425
1400 440	0.410855	0.483469	0.983831	0.356561	0.342045	0.955631
1400 480	0.30889	0.148203	0.763379	0.142712	0.25892	0.583841
1400 520	0.105321	0.117089	0.17365	0.165214	0.0969397	0.317233
1400 560	0.0183428	0.10997	0.285703	0.0470367	0.0558386	0.194424
1400 600	0.0394177	0.0569012	0.107482	0.0130455	0.0676221	0.139073
1400 640	0.0114483	0.00736614	0.15256	0.0366022	0.0398718	0.121169
1400 680	0.00146728	0.00146728	0.017594	0.0217418	0.0182759	0.0275111
1400 720	0.00489833	0.00756434	0.0463181	0.00252589	0.000726222	0.0350487
1400 760	0.00238529	0.00155447	0.00547263	0	0.00167799	0.00835314
1440 0	0	0	0	0	0	0
1440 40	0	0	0	0	0	0
1440 80	0	0	0	0	29.7584	0
1440 120	6.39661	0	8.35182	20.0844	13.2101	0
1440 160	27.3674	2.09062	3.64704	10.8868	5.75881	10.8402
1440 200	16.7387	10.4517	3.40203	10.3801	11.1961	3.95285
1440 240	5.9057	4.14526	5.69674	4.31422	2.54855	3.43844
1440 280	3.54284	3.70326	4.749	2.41449	1.60751	3.75037
1440 320	2.59223	2.54297	3.98821	3.04062	1.88284	2.26178
1440 360	1.71177	1.29541	2.21657	1.45032	1.55887	2.05596
1440 400	0.735508	0.519629	1.58476	0.778017	0.654756	1.79392
1440 440	0.521283	0.348687	0.926081	0.364862	0.237152	1.0487
1440 480	0.206826	0.375471	0.276872	0.0326721	0.299845	0.492379
1440 520	0.0525399	0.102721	0.365742	0.0489287	0.112856	0.410121
1440 560	0.0974219	0.0483669	0.227314	0.0525285	0.0779784	0.152091
1440 600	0.0142487	0.0595057	0.132922	0.0338906	0.0130285	0.166553
1440 640	0.0236817	0.0169205	0.0698717	0.0170879	0.00792746	0.0589061
1440 680	0.00388508	0.00612057	0.0641711	0.00713229	0.00107348	0.067081
1440 720	0.00483646	0.00489893	0.0377843	0.00872302	0.00584943	0.0342542
1440 760	0.00221447	0.00050235	0.0186353	0	0.0108371	0.0155342
1480 0	0	0	0	0	0	0
1480 40	0	0	0	0	0	0
1480 80	36.8815	0	38.3678	108.31	0	0
1480 120	17.5102	13.2045	17.5102	6.45609	0	4.89495
1480 160	9.71874	13.4566	15.9252	12.0758	4.20942	7.77983
1480 200	8.04475	7.1048	2.87096	10.909	4.07846	2.23183
1480 240	6.08176	4.45332	4.28581	6.88527	4.0703	2.74726
1480 280	3.89252	4.02651	3.53194	3.88301	2.59036	4.68815
1480 320	3.08139	1.09332	3.45227	1.99866	2.57581	3.11226
1480 360	1.13294	1.24525	1.74284	0.576088	1.53873	1.52965
1480 400	0.595465	0.661765	1.25342	0.492751	0.392826	0.985353
1480 440	0.558368	0.329688	1.04189	0.345109	0.174413	0.802766
1480 480	0.194514	0.12941	0.485576	0.173482	0.1252	0.466813
1480 520	0.0568001	0.0448027	0.227414	0.0377967	0.0718673	0.260203
1480 560	0.0352234	0.0406169	0.156783	0.0447026	0.0482325	0.120254
1480 600	0.0360894	0.02165	0.176341	0.0483789	0.0293516	0.110137
1480 640	0.0294095	0.00702836	0.095141	0.0316704	0.00371567	0.0948864
1480 680	0.00650058	0.0108572	0.0562162	0.00546644	0.00306531	0.0398123
1480 720	0.00774349	0.0132851	0.0409299	0.0017119	0.00292931	0.0259839
1480 760	0	0.00146107	0.0221107	0.00328023	0.000431404	0.00886148
1520 0	0	0	0	0	0	0
1520 40	0	0	0	0	0	0
1520 80	0	0	0	105.655	0	0
1520 120	13.0479	0	8.39044	24.258	10.8123	0
1520 160	2.12054	0	3.54226	0	5.85713	4.62975
1520 200	7.85043	0.865938	1.31304	11.8338	0.865938	3.73453
1520 240	4.26467	1.46697	4.73887	7.52782	5.7301	1.45584
1520 280	3.88336	1.67544	3.28067	3.61443	1.40729	4.4188
1520 320	2.44056	2.15025	2.56213	1.78122	1.30874	2.78065
1520 360	1.56595	0.973599	1.5349	1.39698	1.3946	0.84852
1520 400	0.889063	0.781587	0.9886	0.42845	1.00998	1.17461
1520 440	0.388885	0.309903	1.09863	0.142364	0.419694	0.873616
1520 480	0.117375	0.0817893	0.492308	0.120947	0.238829	0.605492
1520 520	0.057777	0.173059	0.119347	0.0185347	0.206767	0.139626
1520 560	0.0102773	0.0740324	0.218753	0.00663502	0.0549856	0.238651
1520 600	0.02997	0.0416121	0.138918	0.00440251	0.0408898	0.0940266
1520 640	0.0227355	0.0118921	0.0851106	0.0287152	0.0293834	0.0783081
1520 680	0.00800687	0.00247658	0.0681609	0.00128087	0	0.0446694
1520 720	0.00184219	0.0058873	0.0547047	0.00325945	0.000735937	0.0212315
1520 760	0	0	0.00996192	0	0.000927655	0.00914621
1560 0	0	0	0	0	0	0
1560 40	0	0	0	0	0	0
1560 80	0	0	31.0467	0	31.0467	0
1560 120	6.32707	0	0	18.9812	6.32707	0
1560 160	7.1972	0	4.32835	2.02858	0	0
1560 200	3.01086	3.23134	1.21401	3.47565	3.07891	3.3535
1560 240	2.87122	1.02254	2.12181	2.34491	0.717779	1.22232
1560 280	2.36475	1.1127	1.46101	1.66848	1.60074	1.39253
1560 320	1.93649	0.44961	1.72858	0.296167	0.153389	1.0443
1560 360	1.22591	0.510505	0.612423	0.257279	0.528886	1.04395
1560 400	0.593108	0.222495	0.635076	0.0635481	0.40743	0.452027
1560 440	0.315945	0.39024	0.389457	0.100478	0.139234	0.357649
1560 480	0.144139	0.0915964	0.368154	0.00704182	0.0915964	0.227181
1560 520	0	0.0402914	0.0843722	0.0338008	0.0475288	0.190646
1560 560	0.0183191	0.00346895	0.0282972	0.0162597	0.0160243	0.150345
1560 600	0.00917979	0.0161075	0.0619998	0.0115359	0.0109715	0.0718003
1560 640	0.00147085	0.00963427	0.0381793	0.009116	0.00147085	0.0317011
1560 680	0	0.00612949	0.00907353	0	0.00112725	0.00184688
1560 720	0.000613603	0.000613603	0.0134624	0.00227943	0.00223032	0.0163347
1560 760	0.00272327	0.00102275	0.00266204	0	0.000511375	0.0110236
1600 0	0	0	0	0	0	0
1600 40	0	0	0	0	0	0
1600 80	66.2357	0	0	0	0	0
1600 120	13.1485	0	6.29764	12.5953	0	0
1600 160	6.47683	6.47683	3.87941	1.99405	1.99405	0
1600 200	7.26521	3.44233	0.77754	2.98874	0.843493	4.03249
1600 240	5.44514	1.42375	2.05417	2.69416	1.27716	0.853688
1600 280	2.5918	0.779544	1.86808	1.70535	0.713825	1.06489
1600 320	1.17523	0.718261	0.575161	0.926165	0.647321	0.800752
1600 360	0.285378	0.117374	0.445442	0.285159	0.879582	0.117374
1600 400	0.355975	0.381561	0.731241	0.200229	0.229418	0.396183
1600 440	0.413133	0.130035	0.262371	0.101808	0.0138791	0.266816
1600 480	0.0306783	0.0124801	0.27338	0.0377504	0.0741104	0.0212456
1600 520	0.150086	0.0940811	0.216683	0.116724	0.0213277	0.214593
1600 560	0.0334967	0.0570029	0.139414	0.0135834	0.0969426	0.0991877
1600 600	0.0360629	0.0285949	0.0945744	0.0495975	0.0292377	0.105327
1600 640	0.00405088	0.00155782	0.00576544	0.0121844	0	0.0524973
1600 680	0.00303598	0.00735676	0.0309262	0.00436766	0.00696671	0.0102994
1600 720	0	0.00210486	0.0206999	0	0.00569991	0.0127645
1600 760	0.000565604	0.000480157	0.0105046	0.000565604	0	0.000396044
1640 0	0	0	0	0	0	0
1640 40	0	0	0	0	0	0
1640 80	31.2453	0	0	0	0	0
1640 120	0	0	0	0	12.9749	0
1640 160	10.1509	7.61513	12.4716	4.06037	0	0
1640 200	14.4327	9.53176	4.48358	2.57711	0.966764	6.0924
1640 240	5.949	3.92286	2.85209	5.05066	5.46601	3.29095
1640 280	3.70343	3.67947	2.61901	2.89599	3.61095	2.42876
1640 320	2.3654	1.27022	1.97058	1.4325	0.910385	1.75268
1640 360	1.73351	1.12797	1.72062	1.39889	0.809618	1.0095
1640 400	0.155622	1.01866	0.714233	0.852097	0.718197	0.939443
1640 440	0.438675	0.412712	0.66932	0.255802	0.281444	0.561185
1640 480	0.114768	0.205536	0.322745	0.201975	0.137134	0.316063
1640 520	0.118589	0.0858888	0.293475	0.0482032	0.0845923	0.123377
1640 560	0.0240383	0.0522728	0.296177	0.0709106	0.0322734	0.113507
1640 600	0.0121863	0.0154019	0.0853304	0.0429419	0.047763	0.0606352
1640 640	0.00726359	0.0173231	0.0446685	0.00958317	0.0143648	0.0846711
1640 680	0.00818396	0.01291	0.0273173	0.00109811	0.0030261	0.036477
1640 720	0.00134585	0.0010193	0.0298506	0.0029612	0.000376813	0.0133425
1640 760	0	0.00141009	0.00702907	0.00196388	0.0011522	0.00521823
1680 0	0	0	0	0	0	0
1680 40	0	0	0	0	0	0
1680 80	52.0569	0	0	52.0569	0	0
1680 120	35.3297	3.15446	6.43663	37.6291	0	6.11322
1680 160	19.7089	2.29974	8.77989	12.4699	4.48151	1.73622
1680 200	9.05706	6.01779	3.48853	5.91192	3.79418	1.92317
1680 240	4.07945	1.27568	3.97493	3.75193	1.61507	2.17622
1680 280	3.27027	1.32061	2.32707	3.55767	2.29157	2.30624
1680 320	0.945772	0.924221	0.667218	0.628124	0.837278	0.866684
1680 360	0.636058	0.648427	0.825133	0.515699	0.585986	0.548371
1680 400	0.587587	0.330859	0.405703	0.39812	0.218961	0.481038
1680 440	0.184317	0.246308	0.530304	0.186683	0.0742118	0.382219
1680 480	0.095836	0.0905727	0.293814	0.0445205	0.115643	0.232942
1680 520	0.00715489	0.0499037	0.190261	0.0385668	0.0293741	0.120856
1680 560	0.0356041	0.0302018	0.105206	0.0640147	0.0216781	0.0658203
1680 600	0.0116613	0.0110578	0.0397705	0.00330893	0.00528844	0.0567071
1680 640	0.00429219	0.0552098	0.0106145	0.00294564	0.0044983	0.0365614
1680 680	0.00349259	0.00449765	0.0294259	0.00100507	0.000521421	0.00716418
1680 720	0.00378096	0.000707032	0.0163286	0.000375389	0.00481001	0.01439
1680 760	0	0	0.0048021	0.0124181	0.00103846	0.00110132
1720 0	0	0	0	0	0	0
1720 40	0	0	0	0	0	0
1720 80	0	0	0	0	0	0
1720 120	12.605	0	10.8787	12.6827	12.605	5.81181
1720 160	3.33108	0	2.02679	3.33108	0	0
1720 200	6.73827	0.831822	0.831822	5.0789	0	0.831822
1720 240	5.90171	2.54078	1.32486	5.94289	1.98772	1.53616
1720 280	3.79053	1.37828	1.74134	2.3234	1.56448	2.19695
1720 320	3.66299	1.42924	1.90032	1.22977	1.60728	1.26437
1720 360	1.1785	1.36194	1.41945	0.19793	0.976902	1.17294
1720 400	1.02367	0.48401	0.900632	0.406017	0.0764938	1.05471
1720 440	0.480081	0.292336	0.532709	0.212873	0.182812	0.360433
1720 480	0.109876	0.0771635	0.516268	0.0626848	0.0775374	0.516804
1720 520	0.066827	0.122725	0.0850523	0.0251218	0.0349712	0.138137
1720 560	0.0431887	0.0513191	0.109949	0.00709596	0.0348983	0.195456
1720 600	0.0210658	0.0610518	0.0350925	0.0019713	0.0044051	0.0995719
1720 640	0.0330341	0.0127086	0.0442851	0	0.0070005	0.0277349
1720 680	0.00143598	0.0115266	0.0171132	0.003117	0.0155397	0.0362426
1720 720	0	0.00507493	0.0143101	0.00151989	0.000721633	0.0176446
1720 760	0.000885046	0.00149774	0.00319965	0	0.000523455	0.00448635
1760 0	0	0	0	0	0	0
1760 40	0	0	0	0	0	0
1760 80	30.738	0	0	15.2465	0	0
1760 120	16.4143	0	0	12.8426	0	6.12493
1760 160	10.5231	1.68019	3.68739	8.19827	5.11386	5.03494
1760 200	8.81242	3.73658	4.95735	6.11445	2.25168	2.94782
1760 240	8.8817	3.16613	2.49564	3.17446	1.98369	2.23648
1760 280	3.97045	1.0837	1.96432	2.1796	1.36218	2.0958
1760 320	1.96227	1.50629	1.19077	1.00142	0.761787	1.05992
1760 360	0.695096	0.165965	0.620566	0.771252	0.631503	0.146153
1760 400	0.209971	0.158908	0.721978	0.134588	0.191444	0.419592
1760 440	0.173379	0.210586	0.414598	0.0577377	0.111488	0.387855
1760 480	0.0979025	0.0699531	0.21816	0.0334678	0.145903	0.135064
1760 520	0.122072	0.0294909	0.161965	0.00920409	0.035127	0.161869
1760 560	0.0131438	0.0226678	0.0795667	0.00892375	0.0326973	0.0254535
1760 600	0.0040705	0.022996	0.0235574	0.00345067	0.0181844	0.0197588
1760 640	0.00838102	0.009192	0.0277112	0.00815113	0.00942786	0.0340809
1760 680	0.000958571	0.00180619	0.00822271	0	0.00587546	0.00589313
1760 720	0.00267599	0.0028074	0.0296874	0.000898572	0.00168124	0.00536181
1760 760	0.000261702	0.000523404	0.00133271	0.000785106	0.000261702	0.00285843
1800 0	0	0	0	0	0	0
1800 40	0	0	0	0	0	0
1800 80	107.905	0	0	31.1828	0	0
1800 120	13.803	0	20.0156	18.8702	0	6.21253
1800 160	9.90021	5.37577	1.96851	17.2699	12.2405	0
1800 200	5.48873	6.85455	5.21213	2.82229	1.80423	0
1800 240	5.32251	3.60394	3.00407	6.24673	2.42317	2.27755
1800 280	4.19031	1.97001	3.10477	3.28895	1.05814	2.14445
1800 320	3.23886	1.36116	1.2301	1.66388	1.14923	1.23845
1800 360	1.24065	0.951132	1.21418	1.53054	0.606566	0.56211
1800 400	0.457941	0.772573	1.04172	0.286695	0.392792	0.495321
1800 440	0.565544	0.357858	0.821115	0.237871	0.440079	0.381001
1800 480	0.0984103	0.0223463	0.579841	0.153479	0.162739	0.34501
1800 520	0.126899	0.0620476	0.13921	0.00572647	0.0706036	0.20499
1800 560	0.00294699	0.0783256	0.101653	0.0349055	0.0431526	0.0802067
1800 600	0.0106368	0	0.0588033	0.00440486	0.00446981	0.0796053
1800 640	0.00165216	0.0189904	0.053898	0.00494894	0.00418281	0.0376313
1800 680	0.00713547	0.00525951	0.0161386	0	0.0452783	0.0155238
1800 720	0.00348485	0.00290115	0.0278144	0.00471892	0.000805958	0.0238444
1800 760	0.00260922	0.000864592	0.00823769	0.00341852	0.00115493	0
1840 0	0	0	0	0	0	0
1840 40	0	0	0	0	0	0
1840 80	30.6234	0	0	30.6234	0	0
1840 120	0	0	0	0	12.5999	0
1840 160	5.31352	3.35452	3.8863	9.23152	7.24082	3.35452
1840 200	5.01508	0.840804	1.54777	2.52241	1.68161	0
1840 240	3.10838	0.537914	0	3.32578	1.39634	0.537914
1840 280	1.35072	1.10122	1.23999	1.04659	0.825966	1.29948
1840 320	1.24262	0.628116	1.19512	0.875101	0.81397	1.6649
1840 360	0.29503	0.895798	0.750124	0.418277	0.0902807	0.114468
1840 400	0.328309	0.304648	0.70955	0.209272	0.249486	0.399649
1840 440	0.0925385	0.24252	0.449918	0.318157	0.29434	0.389801
1840 480	0.136017	0.024769	0.171354	0.0647368	0.0527156	0.186547
1840 520	0	0.0437984	0.0455438	0	0	0.0271877
1840 560	0.0266628	0.0311115	0.0120091	0.013893	0.0120091	0.00725625
1840 600	0.0133049	0.0140232	0.0160881	0.00773596	0.0130281	0.0187776
1840 640	0.00136447	0.00242629	0.00939799	0.008279	0	0.0121165
1840 680	0.00196577	0.000672216	0.00365675	0.00365675	0.003614	0.00332778
1840 720	0.00127988	0.00127988	0.0252194	0	0	0.00351666
1840 760	0	0.000595201	0.00155194	0	0	0.00335174
1880 0	0	0	0	0	0	0
1880 40	0	0	0	0	0	0
1880 80	31.9764	0	30.1211	0	0	0
1880 120	0	0	0	0	0	12.3988
1880 160	6.12233	0	3.37972	0	6.75944	3.68377
1880 200	5.58012	1.25183	2.92866	1.59052	0.795262	1.25183
1880 240	2.93552	0.645255	1.19621	1.86308	1.79039	2.29244
1880 280	1.2804	2.02454	1.1955	1.44849	0	2.29517
1880 320	1.26676	1.36218	0.385996	0.759087	0.134609	1.13753
1880 360	0.765617	0.204617	0.68824	0.591032	0.306925	0.510022
1880 400	0.360625	0	0.406876	0.489599	0.464695	0.353358
1880 440	0.155386	0.202995	0.18073	0.0396044	0.128124	0.283571
1880 480	0.155139	0.0600745	0.0723862	0.0310907	0.00698426	0.10739
1880 520	0	0.0263944	0.12464	0.0046228	0.00983023	0.112457
1880 560	0	0.0105131	0.0811072	0	0.0202757	0.0325173
1880 600	0.017944	0.0209589	0.0191823	0.00226935	0.00425004	0.0105098
1880 640	0.00519369	0	0.0122935	0.00166256	0.0231503	0.0171462
1880 680	0.00222377	0	0.00998539	0	0	0.00751257
1880 720	0	0.000640644	0.00198761	0	0.00121725	0.00488186
1880 760	0.000645572	0	0.00487693	0	0.000531311	0.00614114
1920 0	0	0	0	0	0	0
1920 40	0	0	0	0	0	0
1920 80	0	0	0	0	0	0
1920 120	0	0	0	0	0	0
1920 160	0	0	0	0	0	0
1920 200	0	0	0	0	0	0
1920 240	0	0	0	0	0	0
1920 280	0	0	0	0	0	0
1920 320	0	0	0	0	0	0
1920 360	0	0	0	0	0	0
1920 400	0	0	0	0	0	0
1920 440	0	0	0	0	0	0
1920 480	0	0	0	0	0	0
1920 520	0	0	0	0	0	0
1920 560	0	0	0	0	0	0
1920 600	0	0	0	0	0	0
1920 640	0	0	0	0	0	0
1920 680	0	0	0	0	0	0
1920 720	0	0	0	0	0	0
1920 760	0	0	0	0	0	0
1960 0	0	0	0	0	0	0
1960 40	0	0	0	0	0	0
1960 80	0	0	0	0	0	0
1960 120	0	0	0	0	0	0
1960 160	0	0	0	0	0	0
1960 200	0	0	0	0	0	0
1960 240	0	0	0	0	0	0
1960 280	0	0	0	0	0	0
1960 320	0	0	0	0	0	0
1960 360	0	0	0	0	0	0
1960 400	0	0	0	0	0	0
1960 440	0	0	0	0	0	0
1960 480	0	0	0	0	0	0
1960 520	0	0	0	0	0	0
1960 560	0	0	0	0	0	0
1960 600	0	0	0	0	0	0
1960 640	0	0	0	0	0	0
1960 680	0	0	0	0	0	0
1960 720	0	0	0	0	0	0
1960 760	0	0	0	0	0	0
