0 0	0	0	0	0	0	0
0 40	0	0	0	0	0	0
0 80	0	0	0	0	0	0
0 120	263.174	0	226.163	0	0	0
0 160	50.0889	33.8217	0	8.93857	26.5231	49.9276
0 200	0	24.5307	0	27.1036	0	0
0 240	0	0	0	0	0	0
0 280	0	0	0	0	0	0
0 320	0	0	0	0	0	0
0 360	0	0	0	0	0	0
0 400	0	0	0	0	0	0
0 440	0	0	0	0	0	0
0 480	0	0	0	0	0	0
0 520	0	0	0	0	0	0
0 560	0	0	0	0	0	0
0 600	0	0	0	0	0	0
0 640	0	0	0	0	0	0
0 680	0	0	0	0	0	0
0 720	0	0	0	0	0	0
0 760	0	0	0	0	0	0
40 0	0	0	0	0	0	0
40 40	0	0	0	0	0	0
40 80	0	0	0	0	0	0
40 120	201.6	82.2693	192.706	46.9714	64.0272	61.9293
40 160	94.335	21.6883	124.394	27.2967	71.9647	101.156
40 200	30.8558	35.9031	52.0357	45.3946	29.9635	23.6672
40 240	27.2671	27.201	23.0256	19.8136	17.469	25.3752
40 280	18.8324	13.8042	27.089	12.1095	18.2995	19.7505
40 320	7.27429	5.70639	13.5851	5.02838	5.4139	10.7381
40 360	0	0	0	0	0	0
40 400	0	0	0	0	0	0
40 440	0	0	0	0	0	0
40 480	0	0	0	0	0	0
40 520	0	0	0	0	0	0
40 560	0	0	0	0	0	0
40 600	0	0	0	0	0	0
40 640	0	0	0	0	0	0
40 680	0	0	0	0	0	0
40 720	0	0	0	0	0	0
40 760	0	0	0	0	0	0
80 0	0	0	0	0	0	0
80 40	0	0	0	0	0	0
80 80	0	0	0	0	0	0
80 120	304.522	0	203.674	159.531	0	83.4179
80 160	95.3309	86.7599	67.8076	25.0479	8.34931	70.8049
80 200	53.1963	36.8167	33.173	57.1726	21.4623	23.7618
80 240	20.993	17.3184	20.1884	15.625	17.6737	17.3514
80 280	8.96883	8.30116	10.7221	9.92042	4.70019	6.61144
80 320	6.32651	5.19261	9.31307	5.02486	5.04143	10.465
80 360	5.27059	6.3895	13.1441	2.66846	4.1554	9.85057
80 400	3.21472	2.37264	9.84975	2.19399	2.70874	7.907
80 440	0.465932	1.73198	6.86968	1.57377	1.72885	5.63126
80 480	1.03182	1.20836	5.29311	0.470264	0.99342	4.60725
80 520	0.289909	0.470869	1.83761	0.255784	0.33404	1.42597
80 560	0	0	0	0	0	0
80 600	0	0	0	0	0	0
80 640	0	0	0	0	0	0
80 680	0	0	0	0	0	0
80 720	0	0	0	0	0	0
80 760	0	0	0	0	0	0
120 0	0	0	0	0	0	0
120 40	0	0	0	0	0	0
120 80	473.084	0	0	0	0	0
120 120	24.9771	38.0007	51.1617	192.046	173.511	53.342
120 160	78.4383	45.1567	98.5259	41.0284	30.7187	20.5319
120 200	30.9358	50.0299	22.6882	16.0102	12.7341	24.6586
120 240	37.7917	23.1311	17.5286	36.2767	24.3251	29.13
120 280	19.7896	21.6941	23.0731	25.0819	13.1396	26.9061
120 320	14.408	12.2687	16.5506	12.2171	12.3265	15.4889
120 360	6.25985	6.43161	12.5231	7.19302	6.18988	13.4961
120 400	4.26244	4.68706	13.4727	3.34722	3.6411	8.78042
120 440	2.16995	2.65309	12.502	2.11429	2.47993	8.2887
120 480	1.52479	2.14706	9.20642	1.38663	1.79531	7.53096
120 520	0.526341	1.13846	5.13476	0.522552	0.859937	4.29901
120 560	0.549642	0.590745	3.87539	0.404188	0.721972	3.43227
120 600	0.26392	0.339917	2.41889	0.267144	0.363443	2.41841
120 640	0.0184149	0.0713395	0.487422	0.00699571	0.0584056	0.35559
120 680	0.0231997	0.0429567	0.496343	0.017985	0.0528207	0.427172
120 720	0	0	0	0	0	0
120 760	0	0	0	0	0	0
160 0	0	0	0	0	0	0
160 40	0	0	0	0	0	0
160 80	0	0	0	0	0	0
160 120	31.7962	49.7172	47.9079	78.1989	47.1379	99.4344
160 160	48.2326	72.3664	49.5041	73.5924	52.7356	13.7179
160 200	27.6552	21.708	39.8036	31.8078	21.3872	19.9986
160 240	31.5615	15.3923	14.965	29.6816	17.3185	19.5888
160 280	8.24816	5.78441	12.7875	8.52021	7.43393	3.44491
160 320	6.36016	8.5809	6.1241	4.65204	12.6751	8.71913
160 360	3.43695	3.74392	9.61768	3.64181	3.4064	6.72377
160 400	1.44396	1.33077	2.82456	0.932026	1.41532	1.73889
160 440	0.92184	1.31424	3.97995	0.863013	1.44955	3.89598
160 480	0.79701	0.904649	3.23244	0.401367	0.625617	2.66555
160 520	0.259704	0.517819	2.5273	0.219199	0.432002	1.8407
160 560	0.219625	0.204279	1.80881	0.190698	0.198883	1.51487
160 600	0.218582	0.263788	1.75607	0.229278	0.216266	1.69701
160 640	0.135888	0.167937	1.51792	0.0777687	0.153975	1.31412
160 680	0.0436732	0.102546	0.951329	0.0419008	0.0853526	0.795226
160 720	0.0178541	0.0369477	0.514627	0.0274906	0.032709	0.456784
160 760	0.0151772	0.0168186	0.160207	0.0121238	0.019657	0.144276
200 0	0	0	0	0	0	0
200 40	0	0	0	0	0	0
200 80	0	0	0	0	0	0
200 120	0	59.5727	44.8459	0	20.7475	0
200 160	22.4569	24.199	0	9.98058	0	12.4763
200 200	17.0905	9.97217	19.3176	20.4329	2.19833	6.38031
200 240	10.357	14.0073	7.88379	11.669	16.6409	6.67495
200 280	13.761	6.49542	8.53578	10.4637	6.85107	3.93996
200 320	11.9423	8.97664	13.2363	7.35447	8.2152	10.7977
200 360	8.29169	4.94559	8.7997	5.05105	5.19506	8.93634
200 400	4.07479	5.05818	11.1092	3.75232	5.3911	8.85647
200 440	2.54759	2.97566	9.63424	2.05605	3.14165	7.55428
200 480	1.49504	1.9545	7.08793	1.39201	1.3954	4.84199
200 520	0.827094	1.02571	3.77145	0.717249	0.558012	4.14882
200 560	0.220208	0.60689	3.33025	0.263212	0.41522	2.48716
200 600	0.24023	0.309023	2.41614	0.116421	0.270943	1.87158
200 640	0.100617	0.220334	1.4747	0.0600538	0.124148	1.30028
200 680	0.043436	0.141164	0.872717	0.0445239	0.0519786	0.667563
200 720	0.0235846	0.0573999	0.525595	0.0328137	0.0471705	0.453706
200 760	0.00947683	0.0398546	0.167647	0.0101684	0.0118307	0.14864
240 0	0	0	0	0	0	0
240 40	0	0	0	0	0	0
240 80	0	0	0	0	0	0
240 120	53.8996	21.0483	0	104.854	17.5606	39.6695
240 160	79.1267	40.0864	17.4398	55.9756	51.9497	11.3025
240 200	39.3951	25.5715	15.8746	17.1301	34.0177	13.5059
240 240	22.8878	20.1551	17.8315	15.3095	22.7411	15.7594
240 280	22.697	14.1751	14.1492	16.5789	11.0273	18.7984
240 320	9.05569	18.1151	11.0767	9.77602	8.2307	12.758
240 360	8.05702	5.1569	11.7896	5.94424	5.94503	10.0796
240 400	4.34835	5.55633	12.0319	3.1765	3.80717	9.29547
240 440	2.74767	2.90473	8.02022	2.14473	2.84582	6.77557
240 480	1.56686	1.76669	5.9805	1.21609	1.83612	4.89727
240 520	0.739116	0.749165	2.86857	0.502827	0.699552	3.22769
240 560	0.460392	0.458241	2.86042	0.282096	0.524533	2.41374
240 600	0.291962	0.299888	1.60596	0.112254	0.255338	1.40227
240 640	0.0820606	0.166667	0.8856	0.0850019	0.118722	0.772875
240 680	0.0568114	0.109066	0.75463	0.0693663	0.0676285	0.670707
240 720	0.0359705	0.0560882	0.480197	0.0327145	0.0221259	0.440481
240 760	0.0147227	0.020657	0.14269	0.00245965	0.00959194	0.145588
280 0	0	0	0	0	0	0
280 40	0	0	0	0	0	0
280 80	0	0	0	109.981	0	0
280 120	30.4088	32.1422	32.1422	77.3161	0	15.5268
280 160	71.4084	15.9897	12.3933	84.1738	0	0
280 200	46.8551	30.0957	29.5723	36.3356	31.4961	27.3762
280 240	20.9189	13.3147	16.7472	26.0477	20.8458	15.4442
280 280	14.6928	18.2278	15.7788	22.8732	15.4521	11.9826
280 320	15.6994	14.8862	15.6952	12.1942	8.49143	13.2163
280 360	8.33197	7.70852	12.1968	7.05515	6.56536	12.4625
280 400	4.25455	5.156	9.9113	3.9259	3.58413	8.31832
280 440	2.66585	2.73607	7.5048	1.87626	2.54403	5.75233
280 480	1.20671	1.48057	5.88041	0.964198	1.28764	4.758
280 520	0.542285	0.974981	4.21847	0.688776	0.71074	3.06477
280 560	0.357669	0.641562	2.6565	0.238357	0.518366	2.35537
280 600	0.240857	0.235202	1.71953	0.206516	0.254346	1.46357
280 640	0.0716327	0.163938	1.06836	0.119602	0.142163	0.967937
280 680	0.0418699	0.111041	0.574041	0.0361872	0.060818	0.506357
280 720	0.0221092	0.0525052	0.373884	0.0213804	0.0249868	0.321738
280 760	0.00175609	0.00534231	0.0791885	0.00248103	0.00621401	0.0548525
320 0	0	0	0	0	0	0
320 40	0	0	0	0	0	0
320 80	61.5497	46.8239	85.5938	85.5938	0	0
320 120	54.964	20.8707	0	138.656	0	7.22254
320 160	47.8527	52.5714	14.8022	40.9237	43.7882	17.6499
320 200	40.211	23.4503	20.5597	39.1101	25.4144	19.7243
320 240	36.6145	21.8514	24.6522	22.672	21.7338	20.4688
320 280	19.2729	22.8523	21.8911	21.2411	14.4152	16.2813
320 320	16.9843	9.46518	15.3646	11.6548	9.45603	14.0065
320 360	9.89713	8.56646	14.6066	5.89758	6.31068	10.5013
320 400	3.31827	4.58111	10.7102	3.30941	3.87601	10.4157
320 440	2.36082	2.1579	8.14489	1.73528	2.18327	6.09345
320 480	1.26322	1.68463	5.56925	0.833853	1.41618	4.6284
320 520	0.68437	0.895643	3.37448	0.337922	0.65224	3.101
320 560	0.244842	0.459415	2.5769	0.252409	0.321979	2.09576
320 600	0.17377	0.267319	1.42502	0.18142	0.207677	1.13857
320 640	0.074836	0.25885	0.93298	0.134234	0.116674	0.810574
320 680	0.0430141	0.0936814	0.613117	0.0636443	0.0569704	0.538544
320 720	0.0191068	0.0475938	0.310649	0.0194945	0.0344297	0.372429
320 760	0.00562185	0.0076153	0.114455	0.00674686	0.00221774	0.122826
360 0	0	0	0	0	0	0
360 40	0	0	0	0	0	0
360 80	0	74.8287	0	0	0	0
360 120	25.4188	0	23.8348	37.0932	0	0
360 160	30.8464	3.54586	18.5567	24.05	6.82274	4.07611
360 200	17.637	7.7139	14.219	12.8621	3.97733	12.1261
360 240	16.2314	7.62429	13.0246	11.3875	10.9139	11.5722
360 280	15.2104	11.7061	12.9343	15.2811	13.6414	15.2845
360 320	13.4888	14.5316	16.0833	8.69646	9.60938	14.3073
360 360	8.54539	7.69474	14.0787	7.32992	8.05025	12.8146
360 400	3.15634	2.98985	6.28168	1.93663	3.04854	6.39506
360 440	2.33634	2.81359	7.22362	2.39447	2.68271	7.52276
360 480	1.4067	1.42771	5.1392	0.86285	1.13686	4.36821
360 520	0.623291	0.800886	3.90735	0.436372	0.753637	2.88548
360 560	0.305534	0.432015	2.22136	0.275204	0.424198	1.95679
360 600	0.151574	0.240996	1.26787	0.152177	0.160731	1.21987
360 640	0.0414103	0.16745	0.956425	0.064786	0.169992	0.900583
360 680	0.0537034	0.0662471	0.520677	0.0511209	0.0834637	0.479901
360 720	0.0145972	0.0428952	0.376834	0.0175997	0.0333105	0.297081
360 760	0.0125571	0	0.025421	0.00726315	0	0.0571699
400 0	0	0	0	0	0	0
400 40	0	0	0	0	0	0
400 80	0	0	0	0	61.5658	0
400 120	59.5684	74.2041	35.8176	51.3654	0	11.0272
400 160	59.4938	17.1123	11.7419	58.7785	29.9583	7.17443
400 200	43.9899	17.5649	18.7431	42.1754	25.8839	23.2261
400 240	22.6638	19.4643	20.5836	33.5919	23.4573	20.3329
400 280	18.9058	24.1819	22.6083	17.2486	14.9681	21.4626
400 320	15.3495	11.3226	20.3371	12.645	8.89584	18.1867
400 360	8.18896	11.3604	12.6598	7.56082	7.06564	13.3625
400 400	3.9115	5.25932	10.1587	2.9323	3.04152	7.85361
400 440	1.7907	2.62611	5.29477	1.61494	2.14869	5.10882
400 480	1.11659	1.19969	5.17788	0.762436	1.53083	4.55708
400 520	0.784606	0.706457	3.33726	0.416929	0.299811	3.03418
400 560	0.0999262	0.127953	1.30529	0.103389	0.25123	0.915676
400 600	0.135956	0.166456	1.37132	0.170757	0.253219	1.12457
400 640	0.0893696	0.126738	0.783314	0.079434	0.119246	0.754046
400 680	0.101266	0.0361714	0.460791	0.0236588	0.0673601	0.464225
400 720	0.0259181	0.0340735	0.342181	0.0209909	0.0302444	0.280294
400 760	0.011736	0.0157244	0.0994672	0.0041009	0.0171436	0.106138
440 0	0	0	0	0	0	0
440 40	0	0	0	0	0	0
440 80	0	0	0	0	75.1947	0
440 120	61.1539	0	10.6341	21.9524	9.32072	11.499
440 160	29.4988	21.1854	5.90512	60.011	24.6006	14.5748
440 200	42.7223	20.964	14.558	23.0599	18.6798	12.1189
440 240	36.3919	8.74085	18.9181	24.5997	7.93534	17.225
440 280	22.1703	19.5066	19.4584	19.8085	19.4184	15.1212
440 320	6.71732	6.84424	6.46978	6.9224	2.37585	7.69227
440 360	4.31034	3.95913	7.81493	2.85662	3.3384	5.07621
440 400	2.31639	2.77768	5.00966	1.50572	1.82847	4.50566
440 440	1.14717	1.28647	3.87293	1.17416	1.50215	3.36065
440 480	0.578704	0.807934	2.44176	0.524954	0.669828	1.91658
440 520	0.231277	0.312412	1.52619	0.310182	0.289187	1.44846
440 560	0.0462759	0.261808	1.0677	0.108168	0.198345	1.07843
440 600	0.0650649	0.130174	0.753308	0.0548165	0.0562457	0.67508
440 640	0.0267407	0.0365937	0.390679	0.0374452	0.0418403	0.309292
440 680	0.029509	0.00855312	0.242214	0.0215415	0.0544598	0.192918
440 720	0.0132281	0.0062959	0.132042	0.00733642	0.0144859	0.12298
440 760	0.00105959	0.00715517	0.0334279	0.00409607	0.00196142	0.033012
480 0	0	0	0	0	0	0
480 40	0	0	0	0	0	0
480 80	0	0	0	117.759	53.5017	0
480 120	131.565	9.98095	13.8446	0	18.2924	30.6869
480 160	77.7669	19.2997	30.1438	85.4914	16.3636	25.6787
480 200	51.0575	23.2488	16.1241	24.6519	25.2362	12.5828
480 240	38.8026	21.4233	22.8771	28.3892	9.93348	14.4397
480 280	18.6514	14.3252	15.4862	19.0894	14.1225	20.8907
480 320	15.6799	12.5083	21.1839	13.5068	12.427	12.9703
480 360	7.98641	8.42387	14.9473	7.19499	7.24726	11.2627
480 400	3.73322	5.49885	10.9042	3.92359	4.15205	8.18646
480 440	1.34646	2.29399	5.81499	1.31011	1.45228	4.50828
480 480	1.0321	1.47036	4.91589	0.85729	1.3431	4.4065
480 520	0.565305	0.67819	2.93612	0.55987	0.699545	3.01632
480 560	0.27932	0.336302	2.14206	0.210791	0.526748	1.72905
480 600	0.186299	0.239861	1.40812	0.142972	0.155906	0.922385
480 640	0.0576903	0.0924896	0.769861	0.0851008	0.084087	0.648019
480 680	0.0328908	0.0323649	0.42894	0.0387161	0.0682098	0.38063
480 720	0.0145424	0.0481478	0.247549	0.0108019	0.013567	0.232957
480 760	0	0	0	0	0	0
520 0	0	0	0	0	0	0
520 40	0	0	0	0	0	0
520 80	0	0	0	0	0	0
520 120	47.5566	70.0598	55.5357	45.5031	17.6798	18.8727
520 160	60.7264	24.6805	24.7926	57.3957	49.349	19.7105
520 200	35.7363	31.3394	17.1985	42.0068	11.527	9.69501
520 240	36.8944	14.9693	14.9954	29.665	15.4515	17.2958
520 280	26.1255	15.8224	16.4972	18.9807	13.3317	15.1076
520 320	15.8626	12.2793	16.4475	10.597	12.2998	15.0078
520 360	8.65876	7.29157	14.9276	6.22837	7.80408	12.6034
520 400	3.3955	3.97037	11.4214	3.80777	3.96194	8.85039
520 440	1.77523	3.476	7.20494	1.73062	1.88927	6.5682
520 480	1.27622	0.899234	5.00274	0.981564	1.01911	4.20525
520 520	0.470759	0.567674	2.43514	0.339924	0.669453	1.59926
520 560	0.116757	0.360903	1.67181	0.160693	0.196765	1.0753
520 600	0.0517309	0.148164	0.606494	0.0698056	0.0711544	0.488862
520 640	0.0820425	0.112876	0.703967	0.0275623	0.0541485	0.637512
520 680	0.0101104	0.0245791	0.184661	0.0220698	0.00726582	0.177789
520 720	0.0144902	0.0185645	0.216163	0.0204792	0.0134344	0.128296
520 760	0.00110283	0.0048377	0.0422923	0.00534027	0.00598193	0.0442965
560 0	0	0	0	0	0	0
560 40	0	0	0	0	0	0
560 80	86.8618	106.087	0	0	0	0
560 120	17.5298	0	8.42917	116.561	43.2284	24.4979
560 160	46.879	35.4277	10.006	50.1815	20.6098	18.1248
560 200	38.041	15.6562	12.7757	38.2018	28.3565	19.6678
560 240	31.8976	21.6777	8.60545	26.567	14.8294	10.9966
560 280	25.4687	15.7001	16.5799	17.4671	13.0042	14.9377
560 320	15.6214	13.4155	15.781	9.22529	10.2012	15.1648
560 360	8.68551	9.45157	17.4123	8.05804	6.87042	10.652
560 400	3.94384	4.44334	9.24002	3.38654	4.31521	8.98404
560 440	2.22442	2.5795	7.15978	1.89652	1.91277	6.45796
560 480	0.835089	1.44326	5.04343	0.967349	1.16578	3.71487
560 520	0.578113	0.498943	3.31845	0.47791	0.900192	2.78365
560 560	0.119414	0.200093	1.0163	0.0584974	0.121474	0.924942
560 600	0.0273719	0.0660821	0.481023	0.0592584	0.0480187	0.549256
560 640	0.0676449	0.0903724	0.689618	0.0665123	0.0446395	0.53434
560 680	0.02705	0.05448	0.390695	0.0375146	0.038788	0.313362
560 720	0.00820968	0.0297697	0.17597	0.0236264	0.0134581	0.175015
560 760	0.00462977	0.0131595	0.0857487	0.000547665	0.0089625	0.0657212
600 0	0	0	0	0	0	0
600 40	0	0	0	0	0	0
600 80	0	44.8426	44.8426	0	0	0
600 120	112.375	33.6225	0	51.0895	7.67804	7.67804
600 160	18.5862	15.4593	6.13695	15.9672	12.7562	11.9076
600 200	40.5851	24.2765	23.1418	35.4332	22.8783	20.9923
600 240	28.3968	19.576	18.962	22.7433	19.4207	14.2331
600 280	18.5422	17.3032	12.1642	19.7109	13.2777	12.554
600 320	11.1652	9.32433	11.4686	10.0003	8.18311	10.7823
600 360	9.47766	9.34758	14.1619	7.10679	6.05172	12.7195
600 400	3.88439	4.76881	10.3004	3.05074	4.50997	9.25841
600 440	2.06723	2.62968	6.99152	1.64901	1.92355	5.75864
600 480	1.17725	1.17076	4.31345	0.600696	1.00152	4.296
600 520	0.451232	0.517779	3.54743	0.399924	0.555109	2.61819
600 560	0.149105	0.11652	0.780819	0.0616818	0.0974796	0.753936
600 600	0.0654256	0.117171	0.787349	0.073512	0.139988	0.777694
600 640	0.0470361	0.0930095	0.549882	0.0273866	0.0824086	0.35288
600 680	0.0262185	0.0317848	0.240353	0.0177174	0.03124	0.229729
600 720	0.0110285	0.00761245	0.159769	0.00603206	0.00941244	0.130711
600 760	0.00763666	0.00907893	0.0684501	0.00185197	0.00693689	0.0539553
640 0	0	0	0	0	0	0
640 40	0	0	0	0	0	0
640 80	0	0	0	0	0	0
640 120	0	0	7.50121	30.9281	7.50121	0
640 160	47.7428	24.0324	2.23428	39.9839	21.0145	2.23428
640 200	43.8341	12.5699	16.5614	25.5912	15.9486	11.7485
640 240	33.1448	14.6702	11.8617	23.1126	11.7235	12.4224
640 280	20.7523	15.0026	10.6396	18.5356	12.3181	13.4881
640 320	10.6769	7.52561	10.7845	8.94432	5.28834	10.8095
640 360	9.6554	7.94231	12.5204	6.54362	6.25431	13.5241
640 400	4.25912	5.17398	10.0707	4.6187	4.70566	8.23285
640 440	1.51573	1.84145	5.0023	1.25921	1.42388	4.5178
640 480	1.13027	1.21842	4.18938	0.98957	1.02047	3.78942
640 520	0.282411	0.388463	1.4992	0.148738	0.25347	1.03918
640 560	0.0744623	0.182596	0.839533	0.100991	0.149757	0.649451
640 600	0.0444524	0.0448377	0.548553	0.0247236	0.0574529	0.420895
640 640	0.0312102	0.0290653	0.330825	0.00991697	0.0290607	0.235673
640 680	0.00439089	0.0247974	0.131777	0.0103423	0.0157935	0.164738
640 720	0.00309507	0.00546881	0.0551798	0.0019926	0.00619332	0.0741999
640 760	0.00270242	0.00610541	0.0710048	0	0.00326965	0.0394796
680 0	0	0	0	0	0	0
680 40	0	0	0	0	0	0
680 80	43.4661	0	0	529.887	0	0
680 120	48.7095	16.7472	26.6793	55.1905	22.0594	0
680 160	53.7871	13.819	10.2897	38.986	12.6951	5.67001
680 200	28.8488	12.1459	19.0943	27.5025	12.8842	5.56385
680 240	32.0271	17.5935	10.9236	24.6121	12.7079	14.3921
680 280	18.3157	13.0503	10.1223	18.2994	12.4369	7.98837
680 320	11.5894	10.244	12.4119	11.5641	11.0823	10.8858
680 360	9.49703	6.76612	13.0185	6.29417	6.068	8.25652
680 400	4.63893	5.93765	9.83719	3.62667	4.88131	8.32562
680 440	1.96757	1.87153	4.99294	0.990265	1.58639	4.97336
680 480	0.856267	1.20802	4.42143	0.728964	0.9829	3.95331
680 520	0.609401	0.586932	2.99884	0.26732	0.435583	2.0911
680 560	0.189165	0.241796	1.2664	0.184443	0.140484	1.04021
680 600	0.113079	0.114444	1.09333	0.109987	0.135281	0.735898
680 640	0.0701971	0.118554	0.631379	0.0500507	0.0809181	0.473117
680 680	0.0182808	0.0249805	0.205475	0.0144268	0.022414	0.201285
680 720	0.0213023	0.0390633	0.131698	0.0133904	0.0212999	0.118449
680 760	0.0018166	0.00405234	0.0648019	0.00424418	0.00871326	0.0467876
720 0	0	0	0	0	0	0
720 40	0	0	0	0	0	0
720 80	0	85.4393	0	0	0	0
720 120	35.7999	73.6631	7.29396	22.5068	7.00828	8.23212
720 160	51.4035	14.6415	11.0116	31.8395	15.3409	25.7484
720 200	38.0135	20.6327	13.2639	24.7334	13.8217	12.3726
720 240	26.4456	15.6702	12.4108	23.0461	15.458	10.4709
720 280	22.596	11.8996	11.2379	14.9562	13.9872	9.74845
720 320	13.4803	8.38068	10.4463	11.2445	9.00813	8.35608
720 360	7.3253	8.80938	11.8044	7.45499	5.51874	9.78736
720 400	1.81074	2.40929	5.05057	1.68783	2.56822	3.56469
720 440	1.19275	1.28957	4.08232	1.13863	1.02334	2.74995
720 480	0.537785	0.754006	2.26469	0.377589	0.509652	2.15184
720 520	0.199104	0.289381	1.21587	0.197792	0.24072	1.08485
720 560	0.0448988	0.0592764	0.478209	0.00413781	0.0724288	0.367469
720 600	0.0170704	0.0239607	0.190233	0.00748997	0.0373575	0.140327
720 640	0.032452	0.0760383	0.565757	0.0405295	0.040344	0.442618
720 680	0.0201277	0.0414609	0.289842	0.010104	0.0218948	0.208232
720 720	0.0233102	0.00940039	0.198501	0.00335857	0.0155398	0.150656
720 760	0.00312199	0.00855919	0.0743924	0.00235499	0.00879332	0.0424215
760 0	0	0	0	0	0	0
760 40	4270.83	0	0	0	0	0
760 80	0	0	0	0	0	43.636
760 120	69.9306	34.883	12.4173	29.5004	8.81482	19.4507
760 160	31.409	20.5084	17.918	25.4478	18.098	19.4603
760 200	32.1214	13.0657	8.88661	39.2174	18.3359	9.6257
760 240	27.2537	14.568	10.4074	25.6297	8.84104	7.73236
760 280	17.633	15.3397	8.59313	15.3021	9.63916	10.6195
760 320	14.329	10.1933	11.1799	9.13163	7.17203	7.33426
760 360	7.40586	5.98723	10.2531	6.50395	5.0199	8.70514
760 400	4.97464	4.20905	8.34803	3.44939	3.01167	6.62119
760 440	2.78292	3.18101	6.46384	1.37612	2.07672	5.32919
760 480	1.01698	1.48453	4.21532	0.723612	0.931952	3.56381
760 520	0.357308	0.526491	2.73761	0.445188	0.428932	2.15031
760 560	0.321624	0.294777	1.58915	0.193765	0.248074	1.4032
760 600	0.101331	0.131118	0.840439	0.136532	0.0733866	0.720918
760 640	0.0459902	0.097343	0.503086	0.0376639	0.0688186	0.414347
760 680	0.0308044	0.0212626	0.268579	0.0164531	0.0378611	0.201849
760 720	0.0201974	0.0165077	0.174125	0.00610786	0.0151578	0.140633
760 760	0.00366352	0.00963165	0.0554159	0.00456985	0.00919642	0.0511995
800 0	0	0	0	0	0	0
800 40	0	0	0	0	0	0
800 80	0	42.7475	0	37.1889	0	39.2043
800 120	66.313	67.7409	18.0937	101.254	32.1884	0
800 160	44.6955	25.3261	16.1802	61.6344	5.80466	6.15028
800 200	24.1653	18.6269	16.9354	23.6523	10.3485	13.0664
800 240	28.1193	13.5203	11.8675	17.0719	11.8144	11.8133
800 280	16.2745	11.0683	11.7269	7.83498	10.2027	7.85765
800 320	10.782	8.13012	10.3218	9.88364	6.88226	8.2305
800 360	7.63964	6.10387	9.57925	5.49554	5.8787	6.14842
800 400	4.0833	3.6825	7.82138	3.68001	2.69002	6.10764
800 440	1.79176	2.25186	5.82434	1.54799	1.97283	5.1912
800 480	0.672487	0.679839	2.73995	0.836473	0.870779	2.65851
800 520	0.390398	0.530561	2.38718	0.317628	0.550362	2.08228
800 560	0.179154	0.251592	1.44237	0.150833	0.283713	1.24835
800 600	0.0620667	0.151764	0.828398	0.0980126	0.135802	0.725027
800 640	0.0853444	0.0660771	0.445387	0.0385986	0.075944	0.396782
800 680	0.0292862	0.0336365	0.251791	0.00289693	0.0275858	0.19637
800 720	0.00670357	0.00453763	0.104267	0.00136116	0.014491	0.0991471
800 760	0.00238969	0.00277841	0.0286814	0.0041007	0	0.0265193
840 0	0	0	0	0	0	0
840 40	0	0	0	0	0	0
840 80	0	0	0	0	0	0
840 120	29.3364	22.2394	8.30592	12.8748	0	0
840 160	25.2995	15.016	12.3985	9.37087	8.7433	2.13035
840 200	20.8572	7.87509	4.45532	24.3078	7.04987	12.9533
840 240	24.8736	10.9396	10.1885	15.8892	11.0913	14.8771
840 280	16.3522	11.2603	8.79191	13.8515	9.94217	6.17177
840 320	11.7866	7.42987	6.62504	7.68236	6.22057	7.48586
840 360	6.14769	5.30701	8.47388	5.77495	4.80008	6.77395
840 400	3.73292	4.02308	6.23631	3.17634	2.7602	5.7445
840 440	1.96343	2.15304	5.6426	1.26369	1.75895	3.88254
840 480	0.839657	1.11005	3.39431	0.747767	0.664342	3.0395
840 520	0.258271	0.389286	1.71143	0.290975	0.276238	1.74063
840 560	0.058497	0.134006	0.692186	0.0543407	0.0817347	0.596987
840 600	0.0450726	0.0697713	0.428024	0.0202096	0.0656911	0.385078
840 640	0.0141129	0.00300863	0.17138	0	0.0642416	0.250175
840 680	0.00472096	0.0162017	0.137583	0.00354535	0.00813665	0.131482
840 720	0.00438778	0.00192173	0.0558709	0.0111751	0.011587	0.056264
840 760	0.00232759	0.000543098	0.0294211	0.000493896	0.00115813	0.0169407
880 0	0	0	0	0	0	0
880 40	0	0	0	0	0	0
880 80	23.8629	0	0	254.678	0	0
880 120	0	0	0	0	0	0
880 160	0	0	0	0	0	0
880 200	0	0	0	0	0	0
880 240	0	0	0	0	0	0
880 280	11.8409	10.4343	9.79479	10.7524	7.36615	4.25253
880 320	8.51313	6.64152	8.575	6.41089	6.08539	7.73526
880 360	3.36318	3.62268	4.94184	3.2807	3.55352	4.27503
880 400	3.23343	3.01338	5.03364	2.06009	2.93067	4.78695
880 440	1.89877	1.9567	5.12279	1.7652	1.48325	3.71197
880 480	0.800922	0.797926	2.48461	0.414301	0.662834	2.01083
880 520	0.024098	0.0311933	0.67156	0.103894	0.218102	0.49859
880 560	0	0	0	0	0	0
880 600	0	0	0	0	0	0
880 640	0	0	0	0	0	0
880 680	0	0	0	0	0	0
880 720	0	0	0	0	0	0
880 760	0	0	0	0	0	0
920 0	0	0	0	0	0	0
920 40	0	0	0	0	0	0
920 80	0	0	0	0	0	29.4777
920 120	0	0	0	0	0	0
920 160	0	0	0	0	0	0
920 200	0	0	0	0	0	0
920 240	0	0	0	0	0	0
920 280	0	0	0	0	0	0
920 320	9.49061	6.12667	7.18463	7.3088	5.94298	7.98923
920 360	3.654	4.274	4.28688	3.70547	1.58273	3.58862
920 400	2.74676	2.42381	4.83708	2.49654	1.99094	4.11908
920 440	1.87263	1.65041	3.78932	1.38539	1.28159	3.14755
920 480	0.621988	0.981785	2.14228	0.635902	0.652163	1.74638
920 520	0	0	0	0	0	0
920 560	0	0	0	0	0	0
920 600	0.0062513	0.0388706	0.302855	0.0534796	0.0557223	0.29445
920 640	0	0	0	0	0	0
920 680	0	0	0	0	0	0
920 720	0	0	0	0	0	0
920 760	0	0	0	0	0	0
960 0	0	0	0	0	0	0
960 40	0	0	0	0	0	0
960 80	0	0	0	0	0	0
960 120	0	0	0	0	0	0
960 160	0	0	0	0	0	0
960 200	0	0	0	0	0	0
960 240	0	0	0	0	0	0
960 280	3.08642	1.75888	4.07447	0.963449	3.08642	1.53264
960 320	6.32005	6.65132	4.52918	3.59309	3.79855	5.89659
960 360	4.43247	4.23361	6.45518	3.89727	3.97786	3.84206
960 400	1.44075	1.20477	2.28841	0.986667	0.867747	2.12837
960 440	0.730495	1.02876	2.11831	0.769198	0.786134	1.47639
960 480	0	0	0	0	0	0
960 520	0	0	0	0	0	0
960 560	0	0	0	0	0	0
960 600	0	0	0	0	0	0
960 640	0	0	0	0	0	0
960 680	0	0	0	0	0	0
960 720	0	0	0	0	0	0
960 760	0.00447468	0	0.0128583	0	0	0.0157061
1000 0	0	0	0	0	0	0
1000 40	0	0	0	0	0	0
1000 80	0	0	0	0	0	0
1000 120	21.0382	0	18.9908	17.6565	0	4.69941
1000 160	17.4786	9.77035	3.70978	17.0832	4.20406	1.96788
1000 200	10.2708	0	6.42755	5.63301	7.68543	3.31638
1000 240	9.86946	4.50574	7.71819	1.46024	1.60504	2.04151
1000 280	5.99116	2.65484	3.39129	5.07774	3.81924	2.89131
1000 320	7.5963	5.44355	5.40569	7.02167	4.39842	4.73434
1000 360	4.10787	4.10226	5.39991	3.12795	3.42144	3.98108
1000 400	2.46393	1.95389	3.64291	2.24036	1.85938	3.90043
1000 440	1.25203	1.35253	3.20422	1.06974	0.87268	2.83175
1000 480	0.699192	0.592427	2.28518	0.689922	0.665646	1.94123
1000 520	0.340161	0.456292	1.64685	0.159052	0.327173	1.54434
1000 560	0.127079	0.213787	0.97424	0.128141	0.136023	0.860167
1000 600	0.111437	0.0539371	0.594571	0.129485	0.128253	0.531983
1000 640	0.0266748	0.0308073	0.354507	0.0285835	0.0231172	0.343488
1000 680	0.0111059	0.0310987	0.228773	0.00945329	0.0357894	0.138678
1000 720	0.00448057	0.0129948	0.126181	0.00722888	0.0127372	0.101163
1000 760	0.00144113	0.00644985	0.0343238	0.00476239	0.00473184	0.0259722
1040 0	0	0	0	0	0	0
1040 40	0	0	0	0	0	0
1040 80	0	0	0	34.5255	0	0
1040 120	34.2573	37.4679	27.5362	31.1431	3.19203	7.42843
1040 160	34.0066	12.337	7.51174	25.5403	7.64357	4.88818
1040 200	19.7169	11.2889	9.61611	22.4871	11.7256	7.65377
1040 240	12.1436	6.60384	5.80648	15.0062	7.96941	5.4926
1040 280	9.3555	6.63354	6.40071	10.1671	4.64592	6.79188
1040 320	7.31327	4.76626	5.1197	5.06837	4.19621	7.1042
1040 360	4.19213	2.40528	4.34198	3.27635	3.1291	3.62431
1040 400	1.78401	1.54091	2.69292	1.22103	1.48619	2.19939
1040 440	0.9624	1.09935	3.00494	1.11083	0.944294	1.86764
1040 480	0.590555	0.956494	2.1445	0.715793	0.535051	1.78064
1040 520	0.196205	0.445338	1.04969	0.198795	0.365539	1.01805
1040 560	0.167342	0.192337	0.948422	0.138521	0.191296	0.754984
1040 600	0.0829404	0.0699358	0.500195	0.0746652	0.0851728	0.455128
1040 640	0.0254344	0.0355307	0.211816	0.0219469	0.0277058	0.251948
1040 680	0.0128308	0.0237093	0.170678	0.0102254	0.0264019	0.170809
1040 720	0.00686537	0.0144433	0.0980217	0.0115347	0.00781429	0.104644
1040 760	0.0012195	0.00138655	0.0408472	0.00105579	0.00251154	0.021393
1080 0	0	0	0	0	0	0
1080 40	0	0	0	0	0	0
1080 80	0	0	0	0	0	0
1080 120	28.5569	14.2232	13.4887	36.6866	6.74434	12.6983
1080 160	28.8917	2.41693	9.73798	17.4697	9.32715	4.4933
1080 200	21.1556	12.1794	9.10521	9.80294	9.25322	9.37803
1080 240	13.2446	6.11181	4.74734	11.192	10.1509	6.1947
1080 280	7.65389	6.40392	6.5077	7.68188	4.18653	3.09493
1080 320	5.59379	4.35996	5.87633	5.07447	4.93659	4.54718
1080 360	2.9679	1.55509	3.12719	4.86311	2.06103	4.48486
1080 400	2.40905	1.2674	2.66264	1.74533	1.59989	3.478
1080 440	0.439236	0.436441	1.12636	0.451938	0.480114	1.08183
1080 480	0.510537	0.414095	0.698914	0.11819	0.153502	0.810761
1080 520	0.168577	0.151551	0.745683	0.133934	0.109664	0.559349
1080 560	0.0896952	0.0801621	0.386566	0.0647072	0.0511025	0.309983
1080 600	0.0368704	0.0374281	0.248635	0.0285804	0.0429964	0.147017
1080 640	0.0173315	0.0290403	0.138597	0.00129017	0.0147963	0.110908
1080 680	0.0189162	0.0140902	0.141606	0.00738438	0.0106885	0.157215
1080 720	0.00313465	0.0212061	0.0994636	0.00340689	0.015804	0.0905419
1080 760	0.00268354	0.00627984	0.0442002	0	0.00216287	0.0216541
1120 0	0	0	0	0	0	0
1120 40	0	0	0	0	0	0
1120 80	35.4537	0	0	0	0	0
1120 120	0	0	13.8511	42.7884	0	0
1120 160	23.3824	6.07167	0	32.9718	9.32097	7.22637
1120 200	16.896	8.70204	9.8631	17.1092	6.96176	9.6523
1120 240	10.7327	6.54895	5.36422	10.5641	3.1564	5.27462
1120 280	3.63337	2.62412	1.8874	4.35287	2.02207	2.90079
1120 320	3.35448	0.831745	2.62824	0.461649	1.52085	1.15232
1120 360	1.45493	1.4779	1.77383	0.804908	1.16652	1.44354
1120 400	1.16294	0.586706	1.67012	0.441066	0.709448	1.11079
1120 440	0.409031	0.411162	1.29062	0.48131	0.391811	0.637016
1120 480	0.24165	0.30549	0.85444	0.140725	0.234122	0.432579
1120 520	0.0617236	0.107866	0.496926	0.083845	0.0934053	0.473045
1120 560	0.0791115	0.168347	0.285933	0.0573371	0.0215832	0.397358
1120 600	0.0458685	0.0710981	0.244321	0.0284879	0.0259059	0.156874
1120 640	0.0496744	0.026063	0.147565	0.0102522	0.0280484	0.086728
1120 680	0.00862952	0.00316346	0.0750544	0.00570678	0.00230338	0.0638414
1120 720	0.00144066	0.00669696	0.034786	0.00414676	0.00467039	0.0332591
1120 760	0.000487662	0.00111614	0.0244843	0	0.00154883	0.00954613
1160 0	0	0	0	0	0	0
1160 40	0	0	0	0	0	0
1160 80	0	34.9965	0	34.9965	157.385	122.153
1160 120	6.61705	26.685	6.96117	23.7784	6.61705	6.61705
1160 160	17.7484	22.2969	12.8624	9.48604	3.17972	3.81825
1160 200	19.9727	7.15536	11.7581	8.99194	15.0109	5.1344
1160 240	10.4181	7.69556	3.8888	10.6977	6.43853	8.53753
1160 280	8.57679	8.15924	5.28149	4.83577	3.53488	6.79984
1160 320	4.08967	3.59244	2.89164	3.85143	2.87198	3.85291
1160 360	2.69221	2.11291	3.70072	2.5717	2.69723	3.14435
1160 400	1.48837	1.56251	2.95407	1.25276	1.52904	2.46172
1160 440	1.18217	0.862398	2.11673	0.713343	0.60449	1.84837
1160 480	0.537921	0.599929	1.39338	0.385775	0.239995	1.01956
1160 520	0.276588	0.218152	1.23885	0.127354	0.257723	1.01871
1160 560	0.218624	0.163177	0.578495	0.228133	0.108557	0.602806
1160 600	0.0431594	0.0969908	0.294235	0.0356182	0.0552483	0.259237
1160 640	0.0271459	0.0173405	0.221905	0.0358296	0.0433263	0.226791
1160 680	0.0201185	0.0162403	0.180576	0.0142111	0.00894781	0.130557
1160 720	0.00495229	0.00241658	0.0780476	0.00282657	0.0156282	0.0885905
1160 760	0.00170536	0.000523524	0.0192758	0.00339166	0.000523524	0.0210452
1200 0	0	0	0	0	0	0
1200 40	0	0	0	0	0	0
1200 80	16.9095	0	0	22.259	0	0
1200 120	37.058	3.51798	14.0065	24.1936	14.2149	0
1200 160	14.4546	15.3372	9.57264	16.4167	14.3136	5.15716
1200 200	17.5491	10.336	5.1581	13.3175	5.96614	8.45026
1200 240	12.6819	4.19007	5.10359	6.52558	4.36512	5.0192
1200 280	5.34338	4.14586	3.80562	4.52617	4.6216	2.64426
1200 320	1.82389	1.89986	2.46956	2.02484	1.23615	1.83959
1200 360	1.54386	0.751403	1.9513	1.06026	0.976276	1.25576
1200 400	0.553762	0.870514	1.31658	0.437941	1.06756	0.773693
1200 440	0.611684	0.317556	0.789229	0.278813	0.254891	0.739095
1200 480	0.213046	0.313601	0.765668	0.270138	0.320256	0.66646
1200 520	0.26271	0.205154	0.749056	0.355599	0.219076	0.71564
1200 560	0.100652	0.10608	0.489016	0.1123	0.0998486	0.439385
1200 600	0.0217283	0.0268689	0.363803	0.027087	0.0692982	0.254009
1200 640	0.0082494	0.0277683	0.160408	0.0234098	0.0435985	0.127561
1200 680	0.00888839	0.0165591	0.135091	0.0138993	0.0326339	0.100246
1200 720	0.004581	0.0102467	0.0886506	0.0075097	0.00862689	0.060396
1200 760	0.00112817	0.00826609	0.015675	0	0.00102132	0.0177569
1240 0	0	0	0	0	0	0
1240 40	0	0	0	0	0	0
1240 80	0	0	0	0	0	0
1240 120	20.7025	13.232	2.01197	6.09588	53.6464	0
1240 160	28.5914	5.99373	2.07465	15.7536	8.75755	0
1240 200	9.77082	8.12456	6.69442	9.10443	10.9945	2.84236
1240 240	7.81023	8.12518	3.47114	6.57845	6.17652	4.07622
1240 280	3.52575	3.11348	4.57307	3.46008	2.29312	2.81105
1240 320	3.75756	1.21687	3.92874	3.61505	2.49634	3.70402
1240 360	1.86241	2.32689	2.26965	1.94734	1.25601	2.91028
1240 400	1.33297	1.10931	2.11417	1.28245	0.73495	1.96858
1240 440	0.707163	0.92335	1.24147	0.701118	0.423744	1.25975
1240 480	0.499904	0.572522	1.08163	0.229403	0.38651	0.807606
1240 520	0.113949	0.224026	0.638052	0.0856841	0.17516	0.554404
1240 560	0.165566	0.144159	0.529057	0.0569529	0.0991676	0.444012
1240 600	0.0487684	0.041076	0.262145	0.0341557	0.0546837	0.257133
1240 640	0.030928	0.0376773	0.209394	0.0116708	0.0176245	0.164575
1240 680	0.00650083	0.0142432	0.153012	0.0215048	0.0197038	0.0789694
1240 720	0.00522654	0.00178912	0.0854557	0.00414602	0.00515343	0.0810566
1240 760	0.000529461	0.000652597	0.0070565	0.00175463	0.00114286	0.0123061
1280 0	0	0	0	0	0	0
1280 40	0	0	0	0	0	0
1280 80	0	0	58.9004	0	33.2927	0
1280 120	20.995	0	0	6.84531	0	0
1280 160	12.2095	1.791	5.51071	9.44404	1.791	5.51071
1280 200	4.74927	1.67864	3.79434	3.45271	1.54444	3.45917
1280 240	6.45288	1.4217	4.38043	6.11295	3.65055	4.19552
1280 280	6.03495	1.3136	2.28196	2.03336	2.85754	1.5035
1280 320	3.09119	1.26989	1.28655	1.7551	2.14207	1.83448
1280 360	1.2059	1.22064	1.23726	1.456	1.09152	1.24696
1280 400	0.444845	0.746481	1.08916	0.511944	0.409577	1.17244
1280 440	0.460831	0.15946	0.495301	0.377832	0.239653	0.67991
1280 480	0.136189	0.250632	0.58978	0.0751801	0.0727423	0.42076
1280 520	0.118681	0.0798575	0.22153	0.0460812	0.0360662	0.311823
1280 560	0	0	0	0	0	0
1280 600	0	0	0	0	0	0
1280 640	0	0	0	0	0	0
1280 680	0	0	0	0	0	0
1280 720	0	0	0	0	0	0
1280 760	0.00347907	0.00459657	0.0147597	0.000813748	0.000823542	0.00953016
1320 0	0	0	0	0	0	0
1320 40	0	0	0	0	0	0
1320 80	25.4746	0	0	0	0	0
1320 120	18.6736	13.2554	0	12.3094	0	0
1320 160	3.94635	3.94635	3.46796	10.1141	3.46796	7.90176
1320 200	6.56037	6.66397	1.39743	3.93095	4.89958	1.61398
1320 240	7.58185	5.99573	6.52639	9.92271	8.80328	5.93197
1320 280	3.52952	3.70823	5.01743	3.71951	2.3854	2.55084
1320 320	3.70029	2.58204	3.57595	4.24196	2.6327	2.30643
1320 360	2.08859	1.97293	2.37977	2.31907	1.3697	2.13187
1320 400	1.23963	1.2969	1.7897	0.825559	0.774268	1.30533
1320 440	0.469159	0.522374	1.26341	0.598192	0.546853	0.987014
1320 480	0.338169	0.272305	0.918305	0.173129	0.29498	0.597694
1320 520	0.134693	0.155169	0.612316	0.166866	0.190114	0.380426
1320 560	0.0896218	0.103897	0.281255	0.0337942	0.0514752	0.254013
1320 600	0.0556064	0.0662934	0.271069	0.0134442	0.0421023	0.156953
1320 640	0.00562369	0.00412913	0.0396666	0.00924515	0	0.0338146
1320 680	0.00668001	0.0096953	0.0685629	0.00379113	0.00768445	0.0228719
1320 720	0.00339825	0.00644462	0.0356042	0.00779961	0.00594435	0.0145908
1320 760	0.000575418	0.00153983	0.00570059	0.000513181	0.001959	0.00562217
1360 0	0	0	0	0	0	0
1360 40	0	0	0	0	0	0
1360 80	0	0	0	0	32.6982	0
1360 120	13.441	0	0	0	0	6.22854
1360 160	9.63634	3.12642	12.8987	3.12642	2.21528	0
1360 200	5.17256	2.58628	1.25849	10.3305	1.25849	1.25849
1360 240	4.54878	2.23589	3.03255	2.98104	0.560948	1.85919
1360 280	2.00482	2.25976	1.99161	1.88036	1.94793	2.90793
1360 320	1.08806	1.59524	1.88532	2.10859	1.14575	1.1783
1360 360	1.74316	1.97984	1.5419	1.90214	1.28046	2.0078
1360 400	1.04213	0.998114	1.09456	0.892388	0.514613	0.858264
1360 440	0.896899	0.251064	1.42572	0.354158	0.831394	1.01356
1360 480	0.241185	0.172075	0.764731	0.143274	0.290624	0.703145
1360 520	0.122844	0.123546	0.483107	0.0915057	0.121426	0.43919
1360 560	0.0880003	0.0710953	0.359733	0.075167	0.0692018	0.253034
1360 600	0.0431825	0.0361397	0.236126	0.00942032	0.0590729	0.196622
1360 640	0.0551466	0.049511	0.152087	0.0149705	0.0252631	0.120706
1360 680	0.00574546	0.0247267	0.0858158	0.0112352	0.0192917	0.0637802
1360 720	0.0104691	0.00296987	0.0350316	0.00477882	0.00581673	0.0427128
1360 760	0.00416921	0	0.00908226	0	0.000505739	0.0121394
1400 0	0	0	0	0	0	0
1400 40	0	0	0	0	0	0
1400 80	26.0097	0	0	0	0	0
1400 120	13.2377	6.50528	0	29.6993	0	14.0437
1400 160	9.14751	9.01361	10.8768	15.1475	15.0837	6.78962
1400 200	11.1263	7.86703	6.58038	7.73709	4.89163	3.30448
1400 240	7.58474	4.61631	7.19852	6.19778	2.56875	3.07156
1400 280	6.02502	2.87491	3.33547	3.57671	2.17892	3.32406
1400 320	4.21581	2.3401	2.19409	3.48839	2.09782	2.3108
1400 360	1.87731	1.47537	2.11651	1.74712	1.43349	1.34471
1400 400	0.504562	1.30229	1.49135	0.906617	0.656358	1.3494
1400 440	0.410855	0.56977	0.897529	0.33458	0.372974	0.924702
1400 480	0.330518	0.126575	0.746355	0.132817	0.297311	0.528426
1400 520	0.105321	0.106357	0.17365	0.141155	0.0927313	0.306418
1400 560	0.0344174	0.0938954	0.2774	0.0470367	0.0667765	0.179889
1400 600	0.0460463	0.0525643	0.0992693	0.0269007	0.0495004	0.139073
1400 640	0.0114483	0.00926773	0.147807	0.050634	0.0244749	0.116712
1400 680	0.00293457	0	0.017594	0.0217418	0.0182759	0.0275111
1400 720	0.00581628	0.00664639	0.0463181	0.00252589	0.000726222	0.0325013
1400 760	0.00238529	0.00105249	0.00547263	0.000612304	0.00106569	0.00780264
1440 0	0	0	0	0	0	0
1440 40	0	0	0	0	0	0
1440 80	0	0	0	0	29.7584	0
1440 120	6.39661	0	6.64724	20.0844	13.2101	0
1440 160	25.2556	2.09062	0	8.74649	5.75881	10.8402
1440 200	14.8838	8.14953	3.40203	10.3801	6.95541	3.95285
1440 240	4.19032	3.75925	5.69674	4.1385	2.54855	2.562
1440 280	3.54284	3.37295	4.749	2.17945	1.60751	3.48388
1440 320	2.79587	2.3137	3.87124	3.04062	1.91349	1.74199
1440 360	1.68353	1.27483	1.97665	1.42561	1.62233	1.90567
1440 400	0.713127	0.470889	1.58476	0.658126	0.678398	1.62178
1440 440	0.521283	0.348687	0.870462	0.405414	0.206841	0.947119
1440 480	0.230398	0.353183	0.206541	0.0326721	0.291132	0.44452
1440 520	0.0525399	0.102721	0.336696	0.0489287	0.112856	0.410121
1440 560	0.0974219	0.0507705	0.214505	0.035918	0.088384	0.136623
1440 600	0.0125993	0.055731	0.132922	0.0338906	0.0130285	0.148669
1440 640	0.0236817	0.0169205	0.0646849	0.0170879	0.00674393	0.0539913
1440 680	0.00388508	0.00700303	0.0632886	0.00713229	0.00107348	0.0661712
1440 720	0.0041189	0.00429532	0.0370547	0.00603948	0.00584943	0.0298278
1440 760	0.00167646	0.00050235	0.0186353	0	0.0103096	0.0150972
1480 0	0	0	0	0	0	0
1480 40	0	0	0	0	0	0
1480 80	0	0	0	0	0	0
1480 120	11.0541	24.2587	0	6.45609	0	4.89495
1480 160	9.71874	15.6041	13.7777	12.2004	5.95179	3.88991
1480 200	5.76368	6.16647	2.87096	10.909	3.58773	1.34273
1480 240	5.65158	5.56623	1.62982	6.10701	3.64013	2.74726
1480 280	3.65489	4.02651	3.53194	3.61372	2.85966	3.54154
1480 320	2.74266	1.23253	3.16413	2.04525	2.38315	2.81463
1480 360	1.35907	1.00978	1.47881	0.576088	1.53873	1.20239
1480 400	0.61788	0.542087	1.21243	0.492751	0.374068	0.859218
1480 440	0.539079	0.381558	0.892924	0.39285	0.212762	0.716676
1480 480	0.199399	0.134775	0.4383	0.157498	0.105073	0.466813
1480 520	0.0653941	0.0362087	0.227414	0.0603323	0.0493317	0.260203
1480 560	0.0352234	0.0509704	0.114935	0.0447026	0.0482325	0.116642
1480 600	0.0291158	0.0286235	0.169367	0.0460111	0.0497807	0.0897078
1480 640	0.0294095	0.00702836	0.0915973	0.0279854	0.00246309	0.0933553
1480 680	0.00911322	0.00729641	0.0523589	0.00546644	0.00215397	0.0398123
1480 720	0.00459106	0.0153823	0.0403204	0.0017119	0.00134548	0.0259839
1480 760	0	0.00146107	0.0210986	0.00277387	0.000431404	0.00886148
1520 0	0	0	0	0	0	0
1520 40	0	0	0	0	0	0
1520 80	0	0	0	0	0	0
1520 120	13.0479	0	0	11.2101	10.8123	0
1520 160	2.12054	0	3.54226	2.31487	3.54226	4.62975
1520 200	6.98449	0.865938	1.31304	10.9713	0	2.92491
1520 240	2.87877	1.46697	4.73887	7.10925	2.77276	1.45584
1520 280	4.03218	1.19806	3.28067	3.0486	1.15699	4.09023
1520 320	2.26046	1.83234	2.41194	1.78122	1.12863	2.46274
1520 360	1.46526	0.751089	1.42098	1.28306	1.28601	0.751375
1520 400	0.769164	0.800608	0.789061	0.574272	0.864157	0.959535
1520 440	0.406814	0.231133	1.07059	0.235148	0.271207	0.7786
1520 480	0.105544	0.1015	0.434669	0.0991484	0.263955	0.580366
1520 520	0.057777	0.173059	0.119347	0.0120484	0.206767	0.114303
1520 560	0.0102773	0.0740324	0.215808	0.0276905	0.0339301	0.230417
1520 600	0.0235451	0.0416121	0.138918	0.00440251	0.0408898	0.0811868
1520 640	0.0227355	0.0118921	0.0851106	0.0287152	0.0459938	0.0616977
1520 680	0.00577347	0.00594984	0.0634068	0.00128087	0	0.0446694
1520 720	0.00338829	0.00507361	0.0468978	0.00325945	0.00228204	0.0196854
1520 760	0	0	0.00996192	0	0.0016565	0.00799943
1560 0	0	0	0	0	0	0
1560 40	0	0	0	0	0	0
1560 80	0	0	31.0467	0	31.0467	0
1560 120	0	0	0	18.9812	6.32707	0
1560 160	3.5986	0	4.32835	2.02858	0	0
1560 200	1.6747	3.23134	1.21401	3.47565	1.33616	3.3535
1560 240	2.29611	0.896851	2.12181	2.34491	0.717779	1.22232
1560 280	2.15653	1.1127	1.46101	1.04384	1.60074	1.14869
1560 320	1.44456	0.44961	1.32773	0.296167	0.306777	0.89091
1560 360	1.12954	0.398452	0.516061	0.224107	0.528886	0.931901
1560 400	0.52956	0.222495	0.635076	0.127096	0.343882	0.382309
1560 440	0.350715	0.35547	0.389457	0.135249	0.139234	0.288107
1560 480	0.144139	0.0915964	0.328348	0.00704182	0.0986084	0.192424
1560 520	0	0.0402914	0.0843722	0.0338008	0.0475288	0.190646
1560 560	0.0183191	0.00346895	0.0282972	0.0162597	0.0160243	0.150345
1560 600	0.0131024	0.0121849	0.0580772	0.0115359	0.0133698	0.0694021
1560 640	0.00114276	0.00849152	0.0365313	0.009116	0.00147085	0.0317011
1560 680	0	0.00612949	0.00818018	0	0.00112725	0.00184688
1560 720	0.000613603	0.000613603	0.0127545	0.00166583	0.00223032	0.0163347
1560 760	0.00272327	0.00102275	0.00266204	0	0.000511375	0.0110236
1600 0	0	0	0	0	0	0
1600 40	0	0	0	0	0	0
1600 80	66.2357	0	0	0	0	0
1600 120	13.1485	0	6.29764	12.5953	0	0
1600 160	6.47683	8.47088	1.88536	3.9881	0	0
1600 200	6.8753	2.14525	0.77754	2.98874	0.843493	4.03249
1600 240	4.86832	1.42375	2.05417	2.27069	0.853688	0.853688
1600 280	2.35005	0.779544	1.86808	1.70535	0.483497	1.06489
1600 320	1.20858	0.666453	0.403498	0.926165	0.456971	0.800752
1600 360	0.168004	0.199391	0.363425	0.167785	0.762207	0.117374
1600 400	0.355975	0.430324	0.682478	0.136895	0.229418	0.396183
1600 440	0.413133	0.130035	0.262371	0.101808	0.0138791	0.266816
1600 480	0.0306783	0.00540806	0.27338	0.0684287	0	0.0212456
1600 520	0.147723	0.0746696	0.193439	0.145106	0.0275112	0.20841
1600 560	0.0334967	0.0533321	0.139414	0.0135834	0.0969426	0.0888793
1600 600	0.0308712	0.0243386	0.0930028	0.0495975	0.0292377	0.103227
1600 640	0.00405088	0.00155782	0.00576544	0.0121844	0	0.050829
1600 680	0.00303598	0.00526599	0.0297932	0.00436766	0.00587509	0.0102994
1600 720	0	0.00210486	0.0200822	0	0.00569991	0.0127645
1600 760	0.00104576	0	0.0105046	0	0	0.000396044
1640 0	0	0	0	0	0	0
1640 40	0	0	0	0	0	0
1640 80	0	0	0	0	0	0
1640 120	0	0	0	0	12.9749	0
1640 160	8.12074	7.61513	12.4716	2.03018	0	0
1640 200	13.1441	10.8068	3.20856	1.28856	0.966764	6.0924
1640 240	6.12692	3.45482	2.73252	5.05066	5.46601	3.14122
1640 280	3.33625	3.24837	2.61901	2.37441	2.89063	2.11818
1640 320	2.23292	0.973317	1.97058	1.74337	0.549018	1.34944
1640 360	1.69895	0.963132	1.60367	1.48846	0.500396	0.994602
1640 400	0.330021	0.707169	0.714233	0.969072	0.645673	0.876766
1640 440	0.427518	0.49488	0.5054	0.268261	0.226211	0.561185
1640 480	0.121795	0.198509	0.282895	0.178644	0.094005	0.309798
1640 520	0.107095	0.0705676	0.288915	0.0332413	0.0797872	0.123377
1640 560	0.0353435	0.0378104	0.293603	0.0709106	0.0322734	0.113507
1640 600	0.0181941	0.016124	0.0786004	0.0429419	0.0453379	0.0606352
1640 640	0.00726359	0.0155185	0.0446685	0.00958317	0.0143648	0.0836761
1640 680	0.00727688	0.01291	0.0256425	0.000549057	0.00212868	0.0360234
1640 720	0.00134585	0.0010193	0.0274779	0.00221378	0.000376813	0.0122507
1640 760	0	0.00141009	0.00648829	0.00170599	0.0011522	0.00370527
1680 0	0	0	0	0	0	0
1680 40	0	0	0	0	0	0
1680 80	52.0569	0	0	52.0569	0	0
1680 120	35.3297	3.15446	6.43663	16.0277	0	6.11322
1680 160	18.5362	1.73622	8.77989	14.7898	1.00906	1.73622
1680 200	9.69254	7.33056	2.17577	5.91192	3.79418	1.92317
1680 240	3.78905	1.27568	3.76183	3.96207	0.610141	2.17622
1680 280	2.4668	0.918867	2.00364	3.11295	2.13521	2.01789
1680 320	0.788564	0.670227	0.598096	0.487154	0.907763	0.796199
1680 360	0.583509	0.648427	0.737019	0.46315	0.577495	0.504314
1680 400	0.475772	0.299217	0.371488	0.454089	0.162992	0.481038
1680 440	0.191427	0.215011	0.506115	0.153348	0.0833585	0.358031
1680 480	0.121391	0.0863864	0.269256	0.0797825	0.0876596	0.222681
1680 520	0.0048735	0.0499037	0.190261	0.0385668	0.0293741	0.117568
1680 560	0.0313199	0.0238852	0.105206	0.0640147	0.0192978	0.0595037
1680 600	0.0116613	0.0110578	0.0397705	0.00488107	0.00371629	0.0497293
1680 640	0.00429219	0.0546227	0.0106145	0.00294564	0.0044983	0.0365614
1680 680	0.00349259	0.00617176	0.0266794	0.000550958	0.00169033	0.00599527
1680 720	0.00378096	0.000353516	0.0157085	0	0.00516353	0.0136611
1680 760	0	0	0.0048021	0.0124181	0.00103846	0.00110132
1720 0	0	0	0	0	0	0
1720 40	0	0	0	0	0	0
1720 80	0	0	0	0	0	0
1720 120	6.30252	0	0	12.6827	6.30252	5.81181
1720 160	3.33108	0	2.02679	3.33108	0	0
1720 200	6.36873	0	0	5.0789	0	0.831822
1720 240	6.024	1.59785	1.32486	5.79594	1.52487	1.58869
1720 280	2.76204	1.37828	1.74134	2.3234	1.56448	2.19695
1720 320	3.46799	0.829897	1.63572	1.22977	1.4371	1.13428
1720 360	0.667065	1.36194	1.16197	0.19793	0.861125	0.972143
1720 400	1.10016	0.463347	0.717537	0.406017	0.146063	0.985143
1720 440	0.425939	0.292336	0.532709	0.2205	0.132294	0.360433
1720 480	0.0818422	0.0502593	0.485374	0.0269043	0.104233	0.477228
1720 520	0.0862402	0.0976029	0.0796726	0.0251218	0.0349712	0.132428
1720 560	0.0431887	0.0480929	0.106943	0.00709596	0.0348983	0.195456
1720 600	0.0679338	0.0141838	0.0350925	0.0019713	0.0044051	0.0713575
1720 640	0.0295606	0.0127086	0.0428083	0.0070005	0	0.0227257
1720 680	0.00143598	0.0115266	0.0171132	0.003117	0.0155397	0.0337363
1720 720	0	0.00507493	0.0136814	0.00151989	0	0.0168898
1720 760	0.000885046	0.00149774	0.0023146	0	0.000523455	0.00149179
1760 0	0	0	0	0	0	0
1760 40	0	0	0	0	0	0
1760 80	30.738	0	0	15.2465	0	0
1760 120	6.12493	0	0	12.8426	0	6.12493
1760 160	12.2033	0	3.68739	7.47884	5.11386	5.03494
1760 200	8.18629	4.25127	4.44266	5.70483	2.25168	2.53819
1760 240	6.55009	2.58309	2.49564	2.14377	1.40073	2.23648
1760 280	3.58412	0.880801	1.66142	1.83416	1.24919	2.03863
1760 320	1.6104	1.50629	0.944607	0.983094	0.674403	1.05992
1760 360	0.627229	0.177481	0.572511	0.759519	0.406102	0.146153
1760 400	0.285355	0.142728	0.534317	0.134588	0.191444	0.419592
1760 440	0.251647	0.170413	0.376502	0.0577377	0.0733917	0.348572
1760 480	0.0979025	0.0904449	0.197668	0.0334678	0.14123	0.11833
1760 520	0.0928933	0.0294909	0.156608	0.00920409	0.035127	0.144668
1760 560	0.0131438	0.0214422	0.0795667	0.0159954	0.0256256	0.0254535
1760 600	0.0040705	0.0271172	0.0183101	0.00345067	0.0181844	0.0186326
1760 640	0.00838102	0.009192	0.0277112	0.00815113	0.00942786	0.0333409
1760 680	0.000958571	0.00143032	0.00822271	0	0.00587546	0.00589313
1760 720	0.00267599	0.00544304	0.0270517	0.000898572	0.00105593	0.00482704
1760 760	0.000261702	0.000261702	0.000809302	0.000785106	0.000261702	0.00285843
1800 0	0	0	0	0	0	0
1800 40	0	0	0	0	0	0
1800 80	0	0	0	31.1828	0	0
1800 120	0	0	20.0156	0	0	6.21253
1800 160	5.877	5.37577	1.96851	15.3109	12.2405	0
1800 200	3.42499	6.85455	5.21213	2.82229	1.80423	0
1800 240	4.50857	3.52899	2.52649	5.93734	1.74757	2.27755
1800 280	4.19031	2.54115	2.22998	2.55216	1.05814	2.14445
1800 320	3.03511	1.10034	1.06537	1.6748	1.01378	1.23845
1800 360	1.12449	0.864456	1.21418	1.53054	0.519889	0.56211
1800 400	0.457941	0.829522	0.984773	0.286695	0.392792	0.495321
1800 440	0.551223	0.444679	0.734294	0.286275	0.353259	0.332597
1800 480	0.0984103	0.0223463	0.579841	0.18323	0.102161	0.334699
1800 520	0.126899	0.0442914	0.114422	0.030514	0.0458161	0.20499
1800 560	0.00294699	0.0783256	0.101653	0.0349055	0.0541817	0.0691776
1800 600	0.0106368	0	0.0561766	0.00440486	0.00245875	0.0796053
1800 640	0	0.0189904	0.053898	0.00494894	0.0145286	0.025638
1800 680	0.00713547	0.00414217	0.0161386	0	0.0452783	0.0145993
1800 720	0.00369592	0.0126537	0.0167379	0.00408278	0.00156908	0.0223182
1800 760	0.00260922	0.000864592	0.00664469	0.00341852	0.000627226	0
1840 0	0	0	0	0	0	0
1840 40	0	0	0	0	0	0
1840 80	30.6234	0	0	30.6234	0	0
1840 120	0	0	0	0	12.5999	0
1840 160	3.35452	3.35452	3.8863	7.27252	5.28182	3.35452
1840 200	3.33347	0.840804	1.54777	2.52241	0.840804	0
1840 240	2.57046	0	0	3.32578	1.39634	0.537914
1840 280	1.33702	0.812257	1.23999	0.812257	1.11493	1.01051
1840 320	1.07583	0.628116	1.19512	0.875101	0.975935	1.50294
1840 360	0.29503	0.805517	0.750124	0.378253	0.0902807	0.114468
1840 400	0.386717	0.305169	0.635228	0.209272	0.305166	0.343969
1840 440	0.145567	0.136462	0.449918	0.307294	0.205969	0.356533
1840 480	0.136017	0.024769	0.146585	0.0647368	0.0527156	0.186547
1840 520	0	0.0437984	0.0455438	0	0	0.0271877
1840 560	0.0266628	0.0348478	0.00827282	0.0166862	0.00921595	0.00725625
1840 600	0.0133049	0.0140232	0.0143694	0.00773596	0.0105531	0.0187776
1840 640	0.00136447	0.00740438	0.00318532	0.00691452	0	0.0121165
1840 680	0.00196577	0.000672216	0.00365675	0.00473629	0.00253446	0.00332778
1840 720	0	0.00127988	0.0252194	0	0	0.00351666
1840 760	0	0.000595201	0.00155194	0	0	0.00282042
1880 0	0	0	0	0	0	0
1880 40	0	0	0	0	0	0
1880 80	31.9764	0	30.1211	0	0	0
1880 120	0	0	0	0	0	12.3988
1880 160	6.12233	0	3.37972	0	6.75944	3.68377
1880 200	6.83195	0	2.92866	0.795262	2.04709	0
1880 240	3.00821	0	1.19621	2.43564	1.86308	1.64719
1880 280	1.58415	1.72078	0.891742	1.35068	0	2.29517
1880 320	1.26676	1.18299	0.385996	0.759087	0.134609	1.13753
1880 360	0.765617	0.204617	0.68824	0.386415	0.409234	0.305405
1880 400	0.360625	0	0.406876	0.500767	0.464695	0.353358
1880 440	0.155386	0.202995	0.18073	0.0396044	0.128124	0.283571
1880 480	0.155139	0.0600745	0.0723862	0.0310907	0.00698426	0.10739
1880 520	0	0.0412502	0.109784	0.0046228	0.00409948	0.112457
1880 560	0	0.0105131	0.0811072	0	0.0202757	0.0325173
1880 600	0.0156747	0.0209589	0.0121872	0.00226935	0.00425004	0.0105098
1880 640	0.00519369	0	0.0122935	0.00166256	0.0231503	0.0171462
1880 680	0.00222377	0	0.00998539	0	0.00112449	0.00638808
1880 720	0	0.000640644	0.000640644	0	0.00121725	0.0035349
1880 760	0.000645572	0.00101742	0.00385951	0	0.000531311	0.00614114
1920 0	0	0	0	0	0	0
1920 40	0	0	0	0	0	0
1920 80	0	0	0	0	0	0
1920 120	0	0	0	0	0	0
1920 160	0	0	0	0	0	0
1920 200	0	0	0	0	0	0
1920 240	0	0	0	0	0	0
1920 280	0	0	0	0	0	0
1920 320	0	0	0	0	0	0
1920 360	0	0	0	0	0	0
1920 400	0	0	0	0	0	0
1920 440	0	0	0	0	0	0
1920 480	0	0	0	0	0	0
1920 520	0	0	0	0	0	0
1920 560	0	0	0	0	0	0
1920 600	0	0	0	0	0	0
1920 640	0	0	0	0	0	0
1920 680	0	0	0	0	0	0
1920 720	0	0	0	0	0	0
1920 760	0	0	0	0	0	0
1960 0	0	0	0	0	0	0
1960 40	0	0	0	0	0	0
1960 80	0	0	0	0	0	0
1960 120	0	0	0	0	0	0
1960 160	0	0	0	0	0	0
1960 200	0	0	0	0	0	0
1960 240	0	0	0	0	0	0
1960 280	0	0	0	0	0	0
1960 320	0	0	0	0	0	0
1960 360	0	0	0	0	0	0
1960 400	0	0	0	0	0	0
1960 440	0	0	0	0	0	0
1960 480	0	0	0	0	0	0
1960 520	0	0	0	0	0	0
1960 560	0	0	0	0	0	0
1960 600	0	0	0	0	0	0
1960 640	0	0	0	0	0	0
1960 680	0	0	0	0	0	0
1960 720	0	0	0	0	0	0
1960 760	0	0	0	0	0	0
